0.427959
0.443463
0.24046
0.302943
0.277495
0.546359
0.325334
0.265275
0.352119
0.619955
0.425282
0.314459
0.237187
0.273526
0.264728
0.221023
0.191738
0.329127
0.310623
0.295441
0.246914
0.334779
0.192231
0.319692
0.582897
0.311045
0.18595
0.537613
0.197932
0.330114
0.451202
0.386216
0.310881
0.280378
0.266923
0.12475
0.295375
0.28753
0.458787
0.343704
0.268023
0.346257
0.171853
0.307611
0.166289
0.339192
0.239481
0.272052
0.301732
0.31791
0.366159
0.367148
0.422348
0.287796
0.155028
0.373281
0.452234
0.320075
0.235685
0.156386
0.191978
0.424619
0.263099
0.441962
0.292409
0.175007
0.220548
0.390426
0.379775
0.327163
0.146963
0.296311
0.354731
0.241194
0.336961
0.240323
0.243941
0.284989
0.397363
0.329927
0.292972
0.317205
0.17251
0.384047
0.484747
0.189845
0.275029
0.186815
0.332479
0.218912
0.22188
0.393436
0.392127
0.416032
0.16876
0.383328
0.272572
0.226657
0.336965
0.362381
0.28347
0.191103
0.278441
0.351251
0.307646
0.406472
0.291829
0.279592
0.302799
0.217283
0.344317
0.194693
0.444971
0.255956
0.476348
0.226701
0.318463
0.327227
0.390066
0.476188
0.24173
0.257173
0.45216
0.343796
0.300305
0.264912
0.435653
0.362963
0.445955
0.39188
0.452189
0.258812
0.434699
0.437832
0.316922
0.274105
0.273227
0.276734
0.284082
0.262288
0.260768
0.478269
0.285452
0.349405
0.346848
0.234881
0.381918
0.279841
0.360723
0.307021
0.239136
0.301726
0.307668
0.182504
0.204843
0.383608
0.329897
0.251502
0.288827
0.248974
0.16348
0.351885
0.280065
0.32535
0.560849
0.377921
0.248919
0.500174
0.399079
0.229112
0.349401
0.353522
0.302099
0.233924
0.264134
0.24313
0.185886
0.408787
0.232113
0.261098
0.426042
0.32427
0.518771
0.318162
0.342673
0.278718
0.289186
0.56844
0.264215
0.426469
0.28002
0.404937
0.185424
0.317599
0.306057
0.330536
0.56325
0.365869
0.373322
0.338155
0.250755
0.353824
0.291426
0.217784
0.210227
0.466168
0.287339
0.287946
0.325657
0.310714
0.186336
0.180775
0.29921
0.23108
0.285221
0.254441
0.347154
0.426328
0.370961
0.526161
0.444159
0.307755
0.368523
0.374571
0.19449
0.227072
0.269111
0.296985
0.250449
0.263471
0.339739
0.310722
0.255314
0.448599
0.28754
0.19385
0.32203
0.380118
0.633414
0.265333
0.346267
0.28363
0.409896
0.490586
0.289154
0.402469
0.341675
0.556913
0.306427
0.384006
0.275657
0.20569
0.192163
0.232669
0.356089
0.227444
0.409093
0.291374
0.324216
0.341502
0.299394
0.318169
0.329482
0.547852
0.449096
0.328787
0.319938
0.22086
0.362506
0.302286
0.231124
0.420914
