0.58, 0x2c10ed10,  0.00260209,268.283,  0.00295746,1
0.6, 0x2c0f4860,  0.00464521,268.15,  0.00565032,1
0.62, 0x2c0e01b0,  0.0067128,268.017,  0.00779053,1
0.65, 0x2c0d6200,  0.0106754,267.817,  0.0121007,1
0.66, 0x2c0e3050,  0.0121371,267.75,  0.0138753,1
0.6, 0x18d61700,  0.00527233,268.15,  0.00565032,1
0.68, 0x2c0e5f00,  0.0173938,267.617,  0.0179994,1
0.69, 0x2c0d7620,  0.0184574,267.55,  0.0203719,1
0.81, 0x19459da0,  0.0902187,266.75,  0.0917459,1
0.72, 0x2c106020,  0.0324331,267.35,  0.0344963,1
0.65, 0x18d7bbb0,  0.0117105,267.817,  0.0121007,1
0.82, 0x19447200,  0.0949192,266.683,  0.0995034,1
0.82, 0x19482bb0,  0.0988199,266.683,  0.0995034,1
0.74, 0x2c1002e0,  0.0410522,267.217,  0.0425902,1
0.83, 0x19454050,  0.10751,266.617,  0.107684,1
0.75, 0x2c0f7700,  0.0459552,267.15,  0.0471031,1
0.84, 0x19468700,  0.113375,266.55,  0.116296,1
0.84, 0x194511b0,  0.112819,266.55,  0.116296,1
0.68, 0x18d6d180,  0.0163679,267.617,  0.0179994,1
0.77, 0x2c0da470,  0.0565516,267.017,  0.0571158,1
0.77, 0x2c103180,  0.052749,267.017,  0.0571158,1
0.86, 0x19474180,  0.126977,266.417,  0.134841,1
0.87, 0x19477020,  0.13538,266.35,  0.144789,1
0.88, 0x1944e310,  0.153714,266.283,  0.155194,1
0.88, 0x19448620,  0.154765,266.283,  0.155194,1
0.88, 0x1945cc40,  0.146511,266.283,  0.155194,1
0.74, 0x1a30ac40,  0.041912,267.217,  0.0425902,1
0.88, 0x19465860,  0.154549,266.283,  0.155194,1
0.8, 0x2c0dd310,  0.0689896,266.817,  0.0844033,1
0.89, 0x1946b5a0,  0.159974,266.217,  0.166062,1
0.9, 0x194712e0,  0.172433,266.15,  0.192805,1
0.9, 0x19479fd0,  0.174345,266.15,  0.192805,1
0.9, 0x1944b470,  0.169403,266.15,  0.192805,1
0.9, 0x1945fae0,  0.171913,266.15,  0.192805,1
0.9, 0x19456f00,  0.180608,266.15,  0.192805,1
0.9, 0x19462a10,  0.188404,266.15,  0.192805,1
0.82, 0x2c0e8da0,  0.0946994,266.683,  0.0995034,1
0.82, 0x2c111bb0,  0.097887,266.683,  0.0995034,1
0.73, 0x18d5e860,  0.0371331,267.283,  0.0383918,1
0.91, 0x1947fd10,  0.195051,266.083,  0.20545,1
0.83, 0x2c10be70,  0.100769,266.617,  0.107684,1
0.93, 0x1947ce70,  0.226693,265.95,  0.23224,1
0.85, 0x2c0fd440,  0.118747,266.483,  0.125346,1
0.76, 0x18d78d10,  0.0488851,267.083,  0.0519413,1
0.77, 0x18d44470,  0.0570922,267.017,  0.0571158,1
0.8, 0x1a307da0,  0.0705594,266.817,  0.0844033,1
0.8, 0x1a302050,  0.0785077,266.817,  0.0844033,1
0.8, 0x1a2f9470,  0.0747953,266.817,  0.0844033,1
0.8, 0x1a31c440,  0.0832322,266.817,  0.0844033,1
0.78, 0x18d70020,  0.0621933,266.95,  0.0626368,1
0.97, 0x1946e440,  0.283038,265.683,  0.291889,1
0.81, 0x1a2fc310,  0.0890222,266.75,  0.0917459,1
0.88, 0x2c0f1a10,  0.146735,266.283,  0.155194,1
0.82, 0x1a3195a0,  0.0974814,266.683,  0.0995034,1
0.82, 0x1a330bb0,  0.0982099,266.683,  0.0995034,1
0.8, 0x18d40200,  0.0818189,266.817,  0.0844033,1
0.8, 0x18d6a2e0,  0.0824208,266.817,  0.0844033,1
0.9, 0x2c0fa5a0,  0.191854,266.15,  0.192805,1
0.8, 0x18d4a1b0,  0.0728659,266.817,  0.0844033,1
0.8, 0x18d52da0,  0.0829974,266.817,  0.0844033,1
0.83, 0x1a313860,  0.104072,266.617,  0.107684,1
0.83, 0x1a325020,  0.106545,266.617,  0.107684,1
0.91, 0x2c108fd0,  0.201769,266.083,  0.20545,1
0.91, 0x2c0ebc40,  0.196975,266.083,  0.20545,1
0.81, 0x18d4ff00,  0.0900902,266.75,  0.0917459,1
0.81, 0x18d4d050,  0.085926,266.75,  0.0917459,1
0.84, 0x1a322180,  0.107766,266.55,  0.116296,1
0.92, 0x2c0eeae0,  0.211536,266.017,  0.218594,1
0.86, 0x1a327fd0,  0.128624,266.417,  0.134841,1
0.87, 0x1a2ff1b0,  0.135855,266.35,  0.144789,1
0.87, 0x1a2f5200,  0.142779,266.35,  0.144789,1
0.87, 0x1a30dae0,  0.142643,266.35,  0.144789,1
0.88, 0x1a31f2e0,  0.150318,266.283,  0.155194,1
0.88, 0x1a304f00,  0.145285,266.283,  0.155194,1
0.9, 0x1a32ae70,  0.175682,266.15,  0.192805,1
0.9, 0x1a32dd10,  0.1898,266.15,  0.192805,1
0.9, 0x1a2f6620,  0.172387,266.15,  0.192805,1
0.9, 0x1a316700,  0.169426,266.15,  0.192805,1
0.87, 0x18d47310,  0.135149,266.35,  0.144789,1
0.87, 0x18d41620,  0.140531,266.35,  0.144789,1
0.91, 0x1a310a10,  0.201903,266.083,  0.20545,1
0.88, 0x18d5ba10,  0.153585,266.283,  0.155194,1
0.89, 0x18d75e70,  0.159614,266.217,  0.166062,1
0.9, 0x18d58ae0,  0.169933,266.15,  0.192805,1
0.9, 0x18d55c40,  0.166385,266.15,  0.192805,1
0.9, 0x18d67440,  0.173766,266.15,  0.192805,1
0.91, 0x18d645a0,  0.194379,266.083,  0.20545,1
0.95, 0x18d72fd0,  0.251285,265.817,  0.261047,1
