0.234619
0.291433
0.308001
0.295803
0.302333
0.221452
0.221522
0.305766
0.171843
0.358096
0.248897
0.352219
0.467422
0.19162
0.245869
0.201536
0.151717
0.310336
0.389294
0.335846
0.215118
0.290114
0.448967
0.242301
0.546536
0.461591
0.307525
0.332157
0.288315
0.255568
0.381065
0.32425
0.36745
0.285078
0.389083
0.317168
0.238872
0.637284
0.189903
0.401849
0.44886
0.198475
0.420512
0.280656
0.303922
0.451339
0.445474
0.337958
0.295353
0.302586
0.192128
0.205375
0.226307
0.228636
0.210395
0.185294
0.451711
0.286679
0.257996
0.227256
0.276666
0.439708
0.223045
0.431628
0.295518
0.341439
0.497011
0.241404
0.242109
0.322219
0.350755
0.310058
0.420067
0.266992
0.225347
0.320718
0.318631
