0, 272.15,  -1260.17, 2432, 4976.34
0, 272.15,  -1260.17, 2432, 4976.34
0, 272.15,  -1260.17, 2432, 4976.34
0, 272.15,  -1260.17, 2432, 4976.34
0, 272.15,  -1260.17, 2432, 4976.34
0, 272.15,  -1260.17, 2432, 4976.34
0, 272.15,  -1260.17, 2432, 4976.34
0, 272.15,  -1260.17, 2432, 4976.34
0, 272.15,  -1260.17, 2432, 4976.34
0, 272.15,  -1260.17, 2432, 4976.34
0, 272.15,  -1260.17, 2432, 4976.34
0, 272.15,  -1260.17, 2432, 4976.34
0, 272.15,  -1260.17, 2432, 4976.34
0, 272.15,  -1260.17, 2432, 4976.34
0, 272.15,  -1260.17, 2432, 4976.34
0, 272.15,  -1260.17, 2432, 4976.34
0, 272.15,  -1260.17, 2432, 4976.34
0, 272.15,  -1260.17, 2432, 4976.34
0, 272.15,  -1260.17, 2432, 4976.34
0, 272.15,  -1260.17, 2432, 4976.34
0, 272.15,  -1260.17, 2432, 4976.34
0, 272.15,  -1260.17, 2432, 4976.34
0.01, 272.083,  -667.38, 2425.32, 4969.66
0.01, 272.083,  -667.38, 2425.32, 4969.66
0.01, 272.083,  -667.38, 2425.32, 4969.66
0.01, 272.083,  -667.38, 2425.32, 4969.66
0.01, 272.083,  -667.38, 2425.32, 4969.66
0.01, 272.083,  -667.38, 2425.32, 4969.66
0.01, 272.083,  -667.38, 2425.32, 4969.66
0.01, 272.083,  -667.38, 2425.32, 4969.66
0.01, 272.083,  -667.38, 2425.32, 4969.66
0.01, 272.083,  -667.38, 2425.32, 4969.66
0.01, 272.083,  -667.38, 2425.32, 4969.66
0.01, 272.083,  -667.38, 2425.32, 4969.66
0.01, 272.083,  -667.38, 2425.32, 4969.66
0.01, 272.083,  -667.38, 2425.32, 4969.66
0.01, 272.083,  -667.38, 2425.32, 4969.66
0.01, 272.083,  -667.38, 2425.32, 4969.66
0.01, 272.083,  -667.38, 2425.32, 4969.66
0.01, 272.083,  -667.38, 2425.32, 4969.66
0.01, 272.083,  -667.38, 2425.32, 4969.66
0.01, 272.083,  -667.38, 2425.32, 4969.66
0.01, 272.083,  -667.38, 2425.32, 4969.66
0.01, 272.083,  -667.38, 2425.32, 4969.66
0.02, 272.017,  -739.356, 2417.93, 4962.27
0.02, 272.017,  -739.356, 2417.93, 4962.27
0.02, 272.017,  -739.356, 2417.93, 4962.27
0.02, 272.017,  -739.356, 2417.93, 4962.27
0.02, 272.017,  -739.356, 2417.93, 4962.27
0.02, 272.017,  -739.356, 2417.93, 4962.27
0.02, 272.017,  -739.356, 2417.93, 4962.27
0.02, 272.017,  -739.356, 2417.93, 4962.27
0.02, 272.017,  -739.356, 2417.93, 4962.27
0.02, 272.017,  -739.356, 2417.93, 4962.27
0.02, 272.017,  -739.356, 2417.93, 4962.27
0.02, 272.017,  -739.356, 2417.93, 4962.27
0.02, 272.017,  -739.356, 2417.93, 4962.27
0.02, 272.017,  -739.356, 2417.93, 4962.27
0.02, 272.017,  -739.356, 2417.93, 4962.27
0.02, 272.017,  -739.356, 2417.93, 4962.27
0.02, 272.017,  -739.356, 2417.93, 4962.27
0.02, 272.017,  -739.356, 2417.93, 4962.27
0.02, 272.017,  -739.356, 2417.93, 4962.27
0.02, 272.017,  -739.356, 2417.93, 4962.27
0.02, 272.017,  -739.356, 2417.93, 4962.27
0.02, 272.017,  -739.356, 2417.93, 4962.27
0.03, 271.95,  -805.222, 2409.88, 4954.22
0.03, 271.95,  -805.222, 2409.88, 4954.22
0.03, 271.95,  -805.222, 2409.88, 4954.22
0.03, 271.95,  -805.222, 2409.88, 4954.22
0.03, 271.95,  -805.222, 2409.88, 4954.22
0.03, 271.95,  -805.222, 2409.88, 4954.22
0.03, 271.95,  -805.222, 2409.88, 4954.22
0.03, 271.95,  -805.222, 2409.88, 4954.22
0.03, 271.95,  -805.222, 2409.88, 4954.22
0.03, 271.95,  -805.222, 2409.88, 4954.22
0.03, 271.95,  -805.222, 2409.88, 4954.22
0.03, 271.95,  -805.222, 2409.88, 4954.22
0.03, 271.95,  -805.222, 2409.88, 4954.22
0.03, 271.95,  -805.222, 2409.88, 4954.22
0.03, 271.95,  -805.222, 2409.88, 4954.22
0.03, 271.95,  -805.222, 2409.88, 4954.22
0.03, 271.95,  -805.222, 2409.88, 4954.22
0.03, 271.95,  -805.222, 2409.88, 4954.22
0.03, 271.95,  -805.222, 2409.88, 4954.22
0.03, 271.95,  -805.222, 2409.88, 4954.22
0.03, 271.95,  -805.222, 2409.88, 4954.22
0.03, 271.95,  -805.222, 2409.88, 4954.22
0.04, 271.883,  -865.321, 2401.23, 4945.56
0.04, 271.883,  -865.321, 2401.23, 4945.56
0.04, 271.883,  -865.321, 2401.23, 4945.56
0.04, 271.883,  -865.321, 2401.23, 4945.56
0.04, 271.883,  -865.321, 2401.23, 4945.56
0.04, 271.883,  -865.321, 2401.23, 4945.56
0.04, 271.883,  -865.321, 2401.23, 4945.56
0.04, 271.883,  -865.321, 2401.23, 4945.56
0.04, 271.883,  -865.321, 2401.23, 4945.56
0.04, 271.883,  -865.321, 2401.23, 4945.56
0.04, 271.883,  -865.321, 2401.23, 4945.56
0.04, 271.883,  -865.321, 2401.23, 4945.56
0.04, 271.883,  -865.321, 2401.23, 4945.56
0.04, 271.883,  -865.321, 2401.23, 4945.56
0.04, 271.883,  -865.321, 2401.23, 4945.56
0.04, 271.883,  -865.321, 2401.23, 4945.56
0.04, 271.883,  -865.321, 2401.23, 4945.56
0.04, 271.883,  -865.321, 2401.23, 4945.56
0.04, 271.883,  -865.321, 2401.23, 4945.56
0.04, 271.883,  -865.321, 2401.23, 4945.56
0.04, 271.883,  -865.321, 2401.23, 4945.56
0.04, 271.883,  -865.321, 2401.23, 4945.56
0.05, 271.817,  -919.983, 2392.03, 4936.36
0.05, 271.817,  -919.983, 2392.03, 4936.36
0.05, 271.817,  -919.983, 2392.03, 4936.36
0.05, 271.817,  -919.983, 2392.03, 4936.36
0.05, 271.817,  -919.983, 2392.03, 4936.36
0.05, 271.817,  -919.983, 2392.03, 4936.36
0.05, 271.817,  -919.983, 2392.03, 4936.36
0.05, 271.817,  -919.983, 2392.03, 4936.36
0.05, 271.817,  -919.983, 2392.03, 4936.36
0.05, 271.817,  -919.983, 2392.03, 4936.36
0.05, 271.817,  -919.983, 2392.03, 4936.36
0.05, 271.817,  -919.983, 2392.03, 4936.36
0.05, 271.817,  -919.983, 2392.03, 4936.36
0.05, 271.817,  -919.983, 2392.03, 4936.36
0.05, 271.817,  -919.983, 2392.03, 4936.36
0.05, 271.817,  -919.983, 2392.03, 4936.36
0.05, 271.817,  -919.983, 2392.03, 4936.36
0.05, 271.817,  -919.983, 2392.03, 4936.36
0.05, 271.817,  -919.983, 2392.03, 4936.36
0.05, 271.817,  -919.983, 2392.03, 4936.36
0.05, 271.817,  -919.983, 2392.03, 4936.36
0.05, 271.817,  -919.983, 2392.03, 4936.36
0.06, 271.75,  -969.517, 2382.33, 4926.67
0.06, 271.75,  -969.517, 2382.33, 4926.67
0.06, 271.75,  -969.517, 2382.33, 4926.67
0.06, 271.75,  -969.517, 2382.33, 4926.67
0.06, 271.75,  -969.517, 2382.33, 4926.67
0.06, 271.75,  -969.517, 2382.33, 4926.67
0.06, 271.75,  -969.517, 2382.33, 4926.67
0.06, 271.75,  -969.517, 2382.33, 4926.67
0.06, 271.75,  -969.517, 2382.33, 4926.67
0.06, 271.75,  -969.517, 2382.33, 4926.67
0.06, 271.75,  -969.517, 2382.33, 4926.67
0.06, 271.75,  -969.517, 2382.33, 4926.67
0.06, 271.75,  -969.517, 2382.33, 4926.67
0.06, 271.75,  -969.517, 2382.33, 4926.67
0.06, 271.75,  -969.517, 2382.33, 4926.67
0.06, 271.75,  -969.517, 2382.33, 4926.67
0.06, 271.75,  -969.517, 2382.33, 4926.67
0.06, 271.75,  -969.517, 2382.33, 4926.67
0.06, 271.75,  -969.517, 2382.33, 4926.67
0.06, 271.75,  -969.517, 2382.33, 4926.67
0.06, 271.75,  -969.517, 2382.33, 4926.67
0.06, 271.75,  -969.517, 2382.33, 4926.67
0.07, 271.683,  -1014.22, 2372.19, 4916.53
0.07, 271.683,  -1014.22, 2372.19, 4916.53
0.07, 271.683,  -1014.22, 2372.19, 4916.53
0.07, 271.683,  -1014.22, 2372.19, 4916.53
0.07, 271.683,  -1014.22, 2372.19, 4916.53
0.07, 271.683,  -1014.22, 2372.19, 4916.53
0.07, 271.683,  -1014.22, 2372.19, 4916.53
0.07, 271.683,  -1014.22, 2372.19, 4916.53
0.07, 271.683,  -1014.22, 2372.19, 4916.53
0.07, 271.683,  -1014.22, 2372.19, 4916.53
0.07, 271.683,  -1014.22, 2372.19, 4916.53
0.07, 271.683,  -1014.22, 2372.19, 4916.53
0.07, 271.683,  -1014.22, 2372.19, 4916.53
0.07, 271.683,  -1014.22, 2372.19, 4916.53
0.07, 271.683,  -1014.22, 2372.19, 4916.53
0.07, 271.683,  -1014.22, 2372.19, 4916.53
0.07, 271.683,  -1014.22, 2372.19, 4916.53
0.07, 271.683,  -1014.22, 2372.19, 4916.53
0.07, 271.683,  -1014.22, 2372.19, 4916.53
0.07, 271.683,  -1014.22, 2372.19, 4916.53
0.07, 271.683,  -1014.22, 2372.19, 4916.53
0.07, 271.683,  -1014.22, 2372.19, 4916.53
0.08, 271.617,  -1054.38, 2361.64, 4905.98
0.08, 271.617,  -1054.38, 2361.64, 4905.98
0.08, 271.617,  -1054.38, 2361.64, 4905.98
0.08, 271.617,  -1054.38, 2361.64, 4905.98
0.08, 271.617,  -1054.38, 2361.64, 4905.98
0.08, 271.617,  -1054.38, 2361.64, 4905.98
0.08, 271.617,  -1054.38, 2361.64, 4905.98
0.08, 271.617,  -1054.38, 2361.64, 4905.98
0.08, 271.617,  -1054.38, 2361.64, 4905.98
0.08, 271.617,  -1054.38, 2361.64, 4905.98
0.08, 271.617,  -1054.38, 2361.64, 4905.98
0.08, 271.617,  -1054.38, 2361.64, 4905.98
0.08, 271.617,  -1054.38, 2361.64, 4905.98
0.08, 271.617,  -1054.38, 2361.64, 4905.98
0.08, 271.617,  -1054.38, 2361.64, 4905.98
0.08, 271.617,  -1054.38, 2361.64, 4905.98
0.08, 271.617,  -1054.38, 2361.64, 4905.98
0.08, 271.617,  -1054.38, 2361.64, 4905.98
0.08, 271.617,  -1054.38, 2361.64, 4905.98
0.08, 271.617,  -1054.38, 2361.64, 4905.98
0.08, 271.617,  -1054.38, 2361.64, 4905.98
0.08, 271.617,  -1054.38, 2361.64, 4905.98
0.09, 271.55,  -1090.25, 2350.74, 4895.08
0.09, 271.55,  -1090.25, 2350.74, 4895.08
0.09, 271.55,  -1090.25, 2350.74, 4895.08
0.09, 271.55,  -1090.25, 2350.74, 4895.08
0.09, 271.55,  -1090.25, 2350.74, 4895.08
0.09, 271.55,  -1090.25, 2350.74, 4895.08
0.09, 271.55,  -1090.25, 2350.74, 4895.08
0.09, 271.55,  -1090.25, 2350.74, 4895.08
0.09, 271.55,  -1090.25, 2350.74, 4895.08
0.09, 271.55,  -1090.25, 2350.74, 4895.08
0.09, 271.55,  -1090.25, 2350.74, 4895.08
0.09, 271.55,  -1090.25, 2350.74, 4895.08
0.09, 271.55,  -1090.25, 2350.74, 4895.08
0.09, 271.55,  -1090.25, 2350.74, 4895.08
0.09, 271.55,  -1090.25, 2350.74, 4895.08
0.09, 271.55,  -1090.25, 2350.74, 4895.08
0.09, 271.55,  -1090.25, 2350.74, 4895.08
0.09, 271.55,  -1090.25, 2350.74, 4895.08
0.09, 271.55,  -1090.25, 2350.74, 4895.08
0.09, 271.55,  -1090.25, 2350.74, 4895.08
0.09, 271.55,  -1090.25, 2350.74, 4895.08
0.09, 271.55,  -1090.25, 2350.74, 4895.08
0.1, 271.483,  -1122.1, 2339.52, 4883.86
0.1, 271.483,  -1122.1, 2339.52, 4883.86
0.1, 271.483,  -1122.1, 2339.52, 4883.86
0.1, 271.483,  -1122.1, 2339.52, 4883.86
0.1, 271.483,  -1122.1, 2339.52, 4883.86
0.1, 271.483,  -1122.1, 2339.52, 4883.86
0.1, 271.483,  -1122.1, 2339.52, 4883.86
0.1, 271.483,  -1122.1, 2339.52, 4883.86
0.1, 271.483,  -1122.1, 2339.52, 4883.86
0.1, 271.483,  -1122.1, 2339.52, 4883.86
0.1, 271.483,  -1122.1, 2339.52, 4883.86
0.1, 271.483,  -1122.1, 2339.52, 4883.86
0.1, 271.483,  -1122.1, 2339.52, 4883.86
0.1, 271.483,  -1122.1, 2339.52, 4883.86
0.1, 271.483,  -1122.1, 2339.52, 4883.86
0.1, 271.483,  -1122.1, 2339.52, 4883.86
0.1, 271.483,  -1122.1, 2339.52, 4883.86
0.1, 271.483,  -1122.1, 2339.52, 4883.86
0.1, 271.483,  -1122.1, 2339.52, 4883.86
0.1, 271.483,  -1122.1, 2339.52, 4883.86
0.1, 271.483,  -1122.1, 2339.52, 4883.86
0.1, 271.483,  -1122.1, 2339.52, 4883.86
0.11, 271.417,  -1150.17, 2327.88, 4872.22
0.11, 271.417,  -1150.17, 2327.88, 4872.22
0.11, 271.417,  -1150.17, 2327.88, 4872.22
0.11, 271.417,  -1150.17, 2327.88, 4872.22
0.11, 271.417,  -1150.17, 2327.88, 4872.22
0.11, 271.417,  -1150.17, 2327.88, 4872.22
0.11, 271.417,  -1150.17, 2327.88, 4872.22
0.11, 271.417,  -1150.17, 2327.88, 4872.22
0.11, 271.417,  -1150.17, 2327.88, 4872.22
0.11, 271.417,  -1150.17, 2327.88, 4872.22
0.11, 271.417,  -1150.17, 2327.88, 4872.22
0.11, 271.417,  -1150.17, 2327.88, 4872.22
0.11, 271.417,  -1150.17, 2327.88, 4872.22
0.11, 271.417,  -1150.17, 2327.88, 4872.22
0.11, 271.417,  -1150.17, 2327.88, 4872.22
0.11, 271.417,  -1150.17, 2327.88, 4872.22
0.11, 271.417,  -1150.17, 2327.88, 4872.22
0.11, 271.417,  -1150.17, 2327.88, 4872.22
0.11, 271.417,  -1150.17, 2327.88, 4872.22
0.11, 271.417,  -1150.17, 2327.88, 4872.22
0.11, 271.417,  -1150.17, 2327.88, 4872.22
0.11, 271.417,  -1150.17, 2327.88, 4872.22
0.12, 271.35,  -1174.68, 2316.01, 4860.35
0.12, 271.35,  -1174.68, 2316.01, 4860.35
0.12, 271.35,  -1174.68, 2316.01, 4860.35
0.12, 271.35,  -1174.68, 2316.01, 4860.35
0.12, 271.35,  -1174.68, 2316.01, 4860.35
0.12, 271.35,  -1174.68, 2316.01, 4860.35
0.12, 271.35,  -1174.68, 2316.01, 4860.35
0.12, 271.35,  -1174.68, 2316.01, 4860.35
0.12, 271.35,  -1174.68, 2316.01, 4860.35
0.12, 271.35,  -1174.68, 2316.01, 4860.35
0.12, 271.35,  -1174.68, 2316.01, 4860.35
0.12, 271.35,  -1174.68, 2316.01, 4860.35
0.12, 271.35,  -1174.68, 2316.01, 4860.35
0.12, 271.35,  -1174.68, 2316.01, 4860.35
0.12, 271.35,  -1174.68, 2316.01, 4860.35
0.12, 271.35,  -1174.68, 2316.01, 4860.35
0.12, 271.35,  -1174.68, 2316.01, 4860.35
0.12, 271.35,  -1174.68, 2316.01, 4860.35
0.12, 271.35,  -1174.68, 2316.01, 4860.35
0.12, 271.35,  -1174.68, 2316.01, 4860.35
0.12, 271.35,  -1174.68, 2316.01, 4860.35
0.12, 271.35,  -1174.68, 2316.01, 4860.35
0.13, 271.283,  -1195.86, 2303.95, 4848.28
0.13, 271.283,  -1195.86, 2303.95, 4848.28
0.13, 271.283,  -1195.86, 2303.95, 4848.28
0.13, 271.283,  -1195.86, 2303.95, 4848.28
0.13, 271.283,  -1195.86, 2303.95, 4848.28
0.13, 271.283,  -1195.86, 2303.95, 4848.28
0.13, 271.283,  -1195.86, 2303.95, 4848.28
0.13, 271.283,  -1195.86, 2303.95, 4848.28
0.13, 271.283,  -1195.86, 2303.95, 4848.28
0.13, 271.283,  -1195.86, 2303.95, 4848.28
0.13, 271.283,  -1195.86, 2303.95, 4848.28
0.13, 271.283,  -1195.86, 2303.95, 4848.28
0.13, 271.283,  -1195.86, 2303.95, 4848.28
0.13, 271.283,  -1195.86, 2303.95, 4848.28
0.13, 271.283,  -1195.86, 2303.95, 4848.28
0.13, 271.283,  -1195.86, 2303.95, 4848.28
0.13, 271.283,  -1195.86, 2303.95, 4848.28
0.13, 271.283,  -1195.86, 2303.95, 4848.28
0.13, 271.283,  -1195.86, 2303.95, 4848.28
0.13, 271.283,  -1195.86, 2303.95, 4848.28
0.13, 271.283,  -1195.86, 2303.95, 4848.28
0.13, 271.283,  -1195.86, 2303.95, 4848.28
0.14, 271.217,  -1213.92, 2291.72, 4836.05
0.14, 271.217,  -1213.92, 2291.72, 4836.05
0.14, 271.217,  -1213.92, 2291.72, 4836.05
0.14, 271.217,  -1213.92, 2291.72, 4836.05
0.14, 271.217,  -1213.92, 2291.72, 4836.05
0.14, 271.217,  -1213.92, 2291.72, 4836.05
0.14, 271.217,  -1213.92, 2291.72, 4836.05
0.14, 271.217,  -1213.92, 2291.72, 4836.05
0.14, 271.217,  -1213.92, 2291.72, 4836.05
0.14, 271.217,  -1213.92, 2291.72, 4836.05
0.14, 271.217,  -1213.92, 2291.72, 4836.05
0.14, 271.217,  -1213.92, 2291.72, 4836.05
0.14, 271.217,  -1213.92, 2291.72, 4836.05
0.14, 271.217,  -1213.92, 2291.72, 4836.05
0.14, 271.217,  -1213.92, 2291.72, 4836.05
0.14, 271.217,  -1213.92, 2291.72, 4836.05
0.14, 271.217,  -1213.92, 2291.72, 4836.05
0.14, 271.217,  -1213.92, 2291.72, 4836.05
0.14, 271.217,  -1213.92, 2291.72, 4836.05
0.14, 271.217,  -1213.92, 2291.72, 4836.05
0.14, 271.217,  -1213.92, 2291.72, 4836.05
0.14, 271.217,  -1213.92, 2291.72, 4836.05
0.15, 271.15,  -1229.04, 2279.35, 4823.69
0.15, 271.15,  -1229.04, 2279.35, 4823.69
0.15, 271.15,  -1229.04, 2279.35, 4823.69
0.15, 271.15,  -1229.04, 2279.35, 4823.69
0.15, 271.15,  -1229.04, 2279.35, 4823.69
0.15, 271.15,  -1229.04, 2279.35, 4823.69
0.15, 271.15,  -1229.04, 2279.35, 4823.69
0.15, 271.15,  -1229.04, 2279.35, 4823.69
0.15, 271.15,  -1229.04, 2279.35, 4823.69
0.15, 271.15,  -1229.04, 2279.35, 4823.69
