0 0xe3ef620 0 121.2
0 0xe3f2470 1 121.2
0 0xe3f5310 2 121.2
0 0xe3f81b0 3 121.2
0 0xe3fb050 4 121.2
0 0xe3fdf00 5 121.2
0 0xe400da0 6 121.2
1 0xe3ee200 0 121.2
1 0xe3f5310 1 118.1549
1 0xe3fdf00 2 118.9978
1 0xe406ae0 3 121.2
2 0xe3ee200 0 121.2
2 0xe3f81b0 1 118.1549
2 0xe400da0 2 118.9978
2 0xe40c860 3 121.2
3 0xe3ee200 0 121.2
3 0xe3ef620 1 118.1549
3 0xe3fb050 2 118.1549
3 0xe4125a0 3 121.2
4 0xe3ee200 0 121.2
4 0xe3f2470 1 118.1549
4 0xe3fdf00 2 118.1549
4 0xe4182e0 3 121.2
5 0xe3ee200 0 121.2
5 0xe3f5310 1 118.1549
5 0xe400da0 2 118.1549
5 0xe41e020 3 121.2
6 0xe3ee200 0 121.2
6 0xe3ef620 1 118.9978
6 0xe3f81b0 2 118.1549
6 0xe423e70 3 121.2
7 0xe3ee200 0 121.2
7 0xe3f2470 1 118.9978
7 0xe3fb050 2 118.1549
7 0xe429bb0 3 121.2
8 0xe4125a0 0 119.5221
8 0xe41e020 1 117.6926
9 0xe3ef620 0 121.2
9 0xe415440 1 119.5221
9 0xe420fd0 2 117.6926
10 0xe4182e0 0 119.5221
10 0xe423e70 1 117.6926
11 0xe3f2470 0 121.2
11 0xe41b180 1 119.5221
11 0xe426d10 2 117.6926
12 0xe41e020 0 119.5221
12 0xe429bb0 1 117.6926
13 0xe3f5310 0 121.2
13 0xe403c40 1 119.5221
13 0xe420fd0 2 119.5221
14 0xe406ae0 0 119.5221
14 0xe423e70 1 119.5221
15 0xe3f81b0 0 121.2
15 0xe409a10 1 119.5221
15 0xe426d10 2 119.5221
16 0xe40c860 0 119.5221
16 0xe429bb0 1 119.5221
17 0xe3fb050 0 121.2
17 0xe403c40 1 117.6926
17 0xe40f700 2 119.5221
18 0xe406ae0 0 117.6926
18 0xe4125a0 1 119.5221
19 0xe3fdf00 0 121.2
19 0xe409a10 1 117.6926
19 0xe415440 2 119.5221
20 0xe40c860 0 117.6926
20 0xe4182e0 1 119.5221
21 0xe400da0 0 121.2
21 0xe40f700 1 117.6926
21 0xe41b180 2 119.5221
0 0xe3ef620 0 121.2
0 0xe3f2470 1 121.2
0 0xe3f5310 2 121.2
0 0xe3f81b0 3 121.2
0 0xe3fb050 4 121.2
0 0xe3fdf00 5 121.2
0 0xe400da0 6 121.2
1 0xe3ee200 0 121.2
1 0xe3f5310 1 118.1549
1 0xe3fdf00 2 118.9978
1 0xe406ae0 3 121.2
2 0xe3ee200 0 121.2
2 0xe3f81b0 1 118.1549
2 0xe400da0 2 118.9978
2 0xe40c860 3 121.2
3 0xe3ee200 0 121.2
3 0xe3ef620 1 118.1549
3 0xe3fb050 2 118.1549
3 0xe4125a0 3 121.2
4 0xe3ee200 0 121.2
4 0xe3f2470 1 118.1549
4 0xe3fdf00 2 118.1549
4 0xe4182e0 3 121.2
5 0xe3ee200 0 121.2
5 0xe3f5310 1 118.1549
5 0xe400da0 2 118.1549
5 0xe41e020 3 121.2
6 0xe3ee200 0 121.2
6 0xe3ef620 1 118.9978
6 0xe3f81b0 2 118.1549
6 0xe423e70 3 121.2
7 0xe3ee200 0 121.2
7 0xe3f2470 1 118.9978
7 0xe3fb050 2 118.1549
7 0xe429bb0 3 121.2
8 0xe4125a0 0 119.5221
8 0xe41e020 1 117.6926
9 0xe3ef620 0 121.2
9 0xe415440 1 119.5221
9 0xe420fd0 2 117.6926
10 0xe4182e0 0 119.5221
10 0xe423e70 1 117.6926
11 0xe3f2470 0 121.2
11 0xe41b180 1 119.5221
11 0xe426d10 2 117.6926
12 0xe41e020 0 119.5221
12 0xe429bb0 1 117.6926
13 0xe3f5310 0 121.2
13 0xe403c40 1 119.5221
13 0xe420fd0 2 119.5221
14 0xe406ae0 0 119.5221
14 0xe423e70 1 119.5221
15 0xe3f81b0 0 121.2
15 0xe409a10 1 119.5221
15 0xe426d10 2 119.5221
16 0xe40c860 0 119.5221
16 0xe429bb0 1 119.5221
17 0xe3fb050 0 121.2
17 0xe403c40 1 117.6926
17 0xe40f700 2 119.5221
18 0xe406ae0 0 117.6926
18 0xe4125a0 1 119.5221
19 0xe3fdf00 0 121.2
19 0xe409a10 1 117.6926
19 0xe415440 2 119.5221
20 0xe40c860 0 117.6926
20 0xe4182e0 1 119.5221
21 0xe400da0 0 121.2
21 0xe40f700 1 117.6926
21 0xe41b180 2 119.5221
0 0xe3ef620 0 121.2
0 0xe3f2470 1 121.2
0 0xe3f5310 2 121.2
0 0xe3f81b0 3 121.2
0 0xe3fb050 4 121.2
0 0xe3fdf00 5 121.2
0 0xe400da0 6 121.2
1 0xe3ee200 0 121.2
1 0xe3f5310 1 118.1549
1 0xe3fdf00 2 118.9978
1 0xe406ae0 3 121.2
2 0xe3ee200 0 121.2
2 0xe3f81b0 1 118.1549
2 0xe400da0 2 118.9978
2 0xe40c860 3 121.2
3 0xe3ee200 0 121.2
3 0xe3ef620 1 118.1549
3 0xe3fb050 2 118.1549
3 0xe4125a0 3 121.2
4 0xe3ee200 0 121.2
4 0xe3f2470 1 118.1549
4 0xe3fdf00 2 118.1549
4 0xe4182e0 3 121.2
5 0xe3ee200 0 121.2
5 0xe3f5310 1 118.1549
5 0xe400da0 2 118.1549
5 0xe41e020 3 121.2
6 0xe3ee200 0 121.2
6 0xe3ef620 1 118.9978
6 0xe3f81b0 2 118.1549
6 0xe423e70 3 121.2
7 0xe3ee200 0 121.2
7 0xe3f2470 1 118.9978
7 0xe3fb050 2 118.1549
7 0xe429bb0 3 121.2
8 0xe4125a0 0 119.5221
8 0xe41e020 1 117.6926
9 0xe3ef620 0 121.2
9 0xe415440 1 119.5221
9 0xe420fd0 2 117.6926
10 0xe4182e0 0 119.5221
10 0xe423e70 1 117.6926
11 0xe3f2470 0 121.2
11 0xe41b180 1 119.5221
11 0xe426d10 2 117.6926
12 0xe41e020 0 119.5221
12 0xe429bb0 1 117.6926
13 0xe3f5310 0 121.2
13 0xe403c40 1 119.5221
13 0xe420fd0 2 119.5221
14 0xe406ae0 0 119.5221
14 0xe423e70 1 119.5221
15 0xe3f81b0 0 121.2
15 0xe409a10 1 119.5221
15 0xe426d10 2 119.5221
16 0xe40c860 0 119.5221
16 0xe429bb0 1 119.5221
17 0xe3fb050 0 121.2
17 0xe403c40 1 117.6926
17 0xe40f700 2 119.5221
18 0xe406ae0 0 117.6926
18 0xe4125a0 1 119.5221
19 0xe3fdf00 0 121.2
19 0xe409a10 1 117.6926
19 0xe415440 2 119.5221
20 0xe40c860 0 117.6926
20 0xe4182e0 1 119.5221
21 0xe400da0 0 121.2
21 0xe40f700 1 117.6926
21 0xe41b180 2 119.5221
0 0xe3ef620 0 121.2
0 0xe3f2470 1 121.2
0 0xe3f5310 2 121.2
0 0xe3f81b0 3 121.2
0 0xe3fb050 4 121.2
0 0xe3fdf00 5 121.2
0 0xe400da0 6 121.2
1 0xe3ee200 0 121.2
1 0xe3f5310 1 118.1549
1 0xe3fdf00 2 118.9978
1 0xe406ae0 3 121.2
2 0xe3ee200 0 121.2
2 0xe3f81b0 1 118.1549
2 0xe400da0 2 118.9978
2 0xe40c860 3 121.2
3 0xe3ee200 0 121.2
3 0xe3ef620 1 118.1549
3 0xe3fb050 2 118.1549
3 0xe4125a0 3 121.2
4 0xe3ee200 0 121.2
4 0xe3f2470 1 118.1549
4 0xe3fdf00 2 118.1549
4 0xe4182e0 3 121.2
5 0xe3ee200 0 121.2
5 0xe3f5310 1 118.1549
5 0xe400da0 2 118.1549
5 0xe41e020 3 121.2
6 0xe3ee200 0 121.2
6 0xe3ef620 1 118.9978
6 0xe3f81b0 2 118.1549
6 0xe423e70 3 121.2
7 0xe3ee200 0 121.2
7 0xe3f2470 1 118.9978
7 0xe3fb050 2 118.1549
7 0xe429bb0 3 121.2
8 0xe4125a0 0 119.5221
8 0xe41e020 1 117.6926
9 0xe3ef620 0 121.2
9 0xe415440 1 119.5221
9 0xe420fd0 2 117.6926
10 0xe4182e0 0 119.5221
10 0xe423e70 1 117.6926
11 0xe3f2470 0 121.2
11 0xe41b180 1 119.5221
11 0xe426d10 2 117.6926
12 0xe41e020 0 119.5221
12 0xe429bb0 1 117.6926
13 0xe3f5310 0 121.2
13 0xe403c40 1 119.5221
13 0xe420fd0 2 119.5221
14 0xe406ae0 0 119.5221
14 0xe423e70 1 119.5221
15 0xe3f81b0 0 121.2
15 0xe409a10 1 119.5221
15 0xe426d10 2 119.5221
16 0xe40c860 0 119.5221
16 0xe429bb0 1 119.5221
17 0xe3fb050 0 121.2
17 0xe403c40 1 117.6926
17 0xe40f700 2 119.5221
18 0xe406ae0 0 117.6926
18 0xe4125a0 1 119.5221
19 0xe3fdf00 0 121.2
19 0xe409a10 1 117.6926
19 0xe415440 2 119.5221
20 0xe40c860 0 117.6926
20 0xe4182e0 1 119.5221
21 0xe400da0 0 121.2
21 0xe40f700 1 117.6926
21 0xe41b180 2 119.5221
0 0xe3ef620 0 121.2
0 0xe3f2470 1 121.2
0 0xe3f5310 2 121.2
0 0xe3f81b0 3 121.2
0 0xe3fb050 4 121.2
0 0xe3fdf00 5 121.2
0 0xe400da0 6 121.2
1 0xe3ee200 0 121.2
1 0xe3f5310 1 118.1549
1 0xe3fdf00 2 118.9978
1 0xe406ae0 3 121.2
2 0xe3ee200 0 121.2
2 0xe3f81b0 1 118.1549
2 0xe400da0 2 118.9978
2 0xe40c860 3 121.2
3 0xe3ee200 0 121.2
3 0xe3ef620 1 118.1549
3 0xe3fb050 2 118.1549
3 0xe4125a0 3 121.2
4 0xe3ee200 0 121.2
4 0xe3f2470 1 118.1549
4 0xe3fdf00 2 118.1549
4 0xe4182e0 3 121.2
5 0xe3ee200 0 121.2
5 0xe3f5310 1 118.1549
5 0xe400da0 2 118.1549
5 0xe41e020 3 121.2
6 0xe3ee200 0 121.2
6 0xe3ef620 1 118.9978
6 0xe3f81b0 2 118.1549
6 0xe423e70 3 121.2
7 0xe3ee200 0 121.2
7 0xe3f2470 1 118.9978
7 0xe3fb050 2 118.1549
7 0xe429bb0 3 121.2
8 0xe4125a0 0 119.5221
8 0xe41e020 1 117.6926
9 0xe3ef620 0 121.2
9 0xe415440 1 119.5221
9 0xe420fd0 2 117.6926
10 0xe4182e0 0 119.5221
10 0xe423e70 1 117.6926
11 0xe3f2470 0 121.2
11 0xe41b180 1 119.5221
11 0xe426d10 2 117.6926
12 0xe41e020 0 119.5221
12 0xe429bb0 1 117.6926
13 0xe3f5310 0 121.2
13 0xe403c40 1 119.5221
13 0xe420fd0 2 119.5221
14 0xe406ae0 0 119.5221
14 0xe423e70 1 119.5221
15 0xe3f81b0 0 121.2
15 0xe409a10 1 119.5221
15 0xe426d10 2 119.5221
16 0xe40c860 0 119.5221
16 0xe429bb0 1 119.5221
17 0xe3fb050 0 121.2
17 0xe403c40 1 117.6926
17 0xe40f700 2 119.5221
18 0xe406ae0 0 117.6926
18 0xe4125a0 1 119.5221
19 0xe3fdf00 0 121.2
19 0xe409a10 1 117.6926
19 0xe415440 2 119.5221
20 0xe40c860 0 117.6926
20 0xe4182e0 1 119.5221
21 0xe400da0 0 121.2
21 0xe40f700 1 117.6926
21 0xe41b180 2 119.5221
0 0xe3ef620 0 121.2
0 0xe3f2470 1 121.2
0 0xe3f5310 2 121.2
0 0xe3f81b0 3 121.2
0 0xe3fb050 4 121.2
0 0xe3fdf00 5 121.2
0 0xe400da0 6 121.2
1 0xe3ee200 0 121.2
1 0xe3f5310 1 118.1549
1 0xe3fdf00 2 118.9978
1 0xe406ae0 3 121.2
2 0xe3ee200 0 121.2
2 0xe3f81b0 1 118.1549
2 0xe400da0 2 118.9978
2 0xe40c860 3 121.2
3 0xe3ee200 0 121.2
3 0xe3ef620 1 118.1549
3 0xe3fb050 2 118.1549
3 0xe4125a0 3 121.2
4 0xe3ee200 0 121.2
4 0xe3f2470 1 118.1549
4 0xe3fdf00 2 118.1549
4 0xe4182e0 3 121.2
5 0xe3ee200 0 121.2
5 0xe3f5310 1 118.1549
5 0xe400da0 2 118.1549
5 0xe41e020 3 121.2
6 0xe3ee200 0 121.2
6 0xe3ef620 1 118.9978
6 0xe3f81b0 2 118.1549
6 0xe423e70 3 121.2
7 0xe3ee200 0 121.2
7 0xe3f2470 1 118.9978
7 0xe3fb050 2 118.1549
7 0xe429bb0 3 121.2
8 0xe4125a0 0 119.5221
8 0xe41e020 1 117.6926
9 0xe3ef620 0 121.2
9 0xe415440 1 119.5221
9 0xe420fd0 2 117.6926
10 0xe4182e0 0 119.5221
10 0xe423e70 1 117.6926
11 0xe3f2470 0 121.2
11 0xe41b180 1 119.5221
11 0xe426d10 2 117.6926
12 0xe41e020 0 119.5221
12 0xe429bb0 1 117.6926
13 0xe3f5310 0 121.2
13 0xe403c40 1 119.5221
13 0xe420fd0 2 119.5221
14 0xe406ae0 0 119.5221
14 0xe423e70 1 119.5221
15 0xe3f81b0 0 121.2
15 0xe409a10 1 119.5221
15 0xe426d10 2 119.5221
16 0xe40c860 0 119.5221
16 0xe429bb0 1 119.5221
17 0xe3fb050 0 121.2
17 0xe403c40 1 117.6926
17 0xe40f700 2 119.5221
18 0xe406ae0 0 117.6926
18 0xe4125a0 1 119.5221
19 0xe3fdf00 0 121.2
19 0xe409a10 1 117.6926
19 0xe415440 2 119.5221
20 0xe40c860 0 117.6926
20 0xe4182e0 1 119.5221
21 0xe400da0 0 121.2
21 0xe40f700 1 117.6926
21 0xe41b180 2 119.5221
0 0xe3ef620 0 121.2
0 0xe3f2470 1 121.2
0 0xe3f5310 2 121.2
0 0xe3f81b0 3 121.2
0 0xe3fb050 4 121.2
0 0xe3fdf00 5 121.2
0 0xe400da0 6 121.2
1 0xe3ee200 0 121.2
1 0xe3f5310 1 118.1549
1 0xe3fdf00 2 118.9978
1 0xe406ae0 3 121.2
2 0xe3ee200 0 121.2
2 0xe3f81b0 1 118.1549
2 0xe400da0 2 118.9978
2 0xe40c860 3 121.2
3 0xe3ee200 0 121.2
3 0xe3ef620 1 118.1549
3 0xe3fb050 2 118.1549
3 0xe4125a0 3 121.2
4 0xe3ee200 0 121.2
4 0xe3f2470 1 118.1549
4 0xe3fdf00 2 118.1549
4 0xe4182e0 3 121.2
5 0xe3ee200 0 121.2
5 0xe3f5310 1 118.1549
5 0xe400da0 2 118.1549
5 0xe41e020 3 121.2
6 0xe3ee200 0 121.2
6 0xe3ef620 1 118.9978
6 0xe3f81b0 2 118.1549
6 0xe423e70 3 121.2
7 0xe3ee200 0 121.2
7 0xe3f2470 1 118.9978
7 0xe3fb050 2 118.1549
7 0xe429bb0 3 121.2
8 0xe4125a0 0 119.5221
8 0xe41e020 1 117.6926
9 0xe3ef620 0 121.2
9 0xe415440 1 119.5221
9 0xe420fd0 2 117.6926
10 0xe4182e0 0 119.5221
10 0xe423e70 1 117.6926
11 0xe3f2470 0 121.2
11 0xe41b180 1 119.5221
11 0xe426d10 2 117.6926
12 0xe41e020 0 119.5221
12 0xe429bb0 1 117.6926
13 0xe3f5310 0 121.2
13 0xe403c40 1 119.5221
13 0xe420fd0 2 119.5221
14 0xe406ae0 0 119.5221
14 0xe423e70 1 119.5221
15 0xe3f81b0 0 121.2
15 0xe409a10 1 119.5221
15 0xe426d10 2 119.5221
16 0xe40c860 0 119.5221
16 0xe429bb0 1 119.5221
17 0xe3fb050 0 121.2
17 0xe403c40 1 117.6926
17 0xe40f700 2 119.5221
18 0xe406ae0 0 117.6926
18 0xe4125a0 1 119.5221
19 0xe3fdf00 0 121.2
19 0xe409a10 1 117.6926
19 0xe415440 2 119.5221
20 0xe40c860 0 117.6926
20 0xe4182e0 1 119.5221
21 0xe400da0 0 121.2
21 0xe40f700 1 117.6926
21 0xe41b180 2 119.5221
0 0xe3ef620 0 121.2
0 0xe3f2470 1 121.2
0 0xe3f5310 2 121.2
0 0xe3f81b0 3 121.2
0 0xe3fb050 4 121.2
0 0xe3fdf00 5 121.2
0 0xe400da0 6 121.2
1 0xe3ee200 0 121.2
1 0xe3f5310 1 118.1549
1 0xe3fdf00 2 118.9978
1 0xe406ae0 3 121.2
2 0xe3ee200 0 121.2
2 0xe3f81b0 1 118.1549
2 0xe400da0 2 118.9978
2 0xe40c860 3 121.2
3 0xe3ee200 0 121.2
3 0xe3ef620 1 118.1549
3 0xe3fb050 2 118.1549
3 0xe4125a0 3 121.2
4 0xe3ee200 0 121.2
4 0xe3f2470 1 118.1549
4 0xe3fdf00 2 118.1549
4 0xe4182e0 3 121.2
5 0xe3ee200 0 121.2
5 0xe3f5310 1 118.1549
5 0xe400da0 2 118.1549
5 0xe41e020 3 121.2
6 0xe3ee200 0 121.2
6 0xe3ef620 1 118.9978
6 0xe3f81b0 2 118.1549
6 0xe423e70 3 121.2
7 0xe3ee200 0 121.2
7 0xe3f2470 1 118.9978
7 0xe3fb050 2 118.1549
7 0xe429bb0 3 121.2
8 0xe4125a0 0 119.5221
8 0xe41e020 1 117.6926
9 0xe3ef620 0 121.2
9 0xe415440 1 119.5221
9 0xe420fd0 2 117.6926
10 0xe4182e0 0 119.5221
10 0xe423e70 1 117.6926
11 0xe3f2470 0 121.2
11 0xe41b180 1 119.5221
11 0xe426d10 2 117.6926
12 0xe41e020 0 119.5221
12 0xe429bb0 1 117.6926
13 0xe3f5310 0 121.2
13 0xe403c40 1 119.5221
13 0xe420fd0 2 119.5221
14 0xe406ae0 0 119.5221
14 0xe423e70 1 119.5221
15 0xe3f81b0 0 121.2
15 0xe409a10 1 119.5221
15 0xe426d10 2 119.5221
16 0xe40c860 0 119.5221
16 0xe429bb0 1 119.5221
17 0xe3fb050 0 121.2
17 0xe403c40 1 117.6926
17 0xe40f700 2 119.5221
18 0xe406ae0 0 117.6926
18 0xe4125a0 1 119.5221
19 0xe3fdf00 0 121.2
19 0xe409a10 1 117.6926
19 0xe415440 2 119.5221
20 0xe40c860 0 117.6926
20 0xe4182e0 1 119.5221
21 0xe400da0 0 121.2
21 0xe40f700 1 117.6926
21 0xe41b180 2 119.5221
0 0xe3ef620 0 121.2
0 0xe3f2470 1 121.2
0 0xe3f5310 2 121.2
0 0xe3f81b0 3 121.2
0 0xe3fb050 4 121.2
0 0xe3fdf00 5 121.2
0 0xe400da0 6 121.2
1 0xe3ee200 0 121.2
1 0xe3f5310 1 118.1549
1 0xe3fdf00 2 118.9978
1 0xe406ae0 3 121.2
2 0xe3ee200 0 121.2
2 0xe3f81b0 1 118.1549
2 0xe400da0 2 118.9978
2 0xe40c860 3 121.2
3 0xe3ee200 0 121.2
3 0xe3ef620 1 118.1549
3 0xe3fb050 2 118.1549
3 0xe4125a0 3 121.2
4 0xe3ee200 0 121.2
4 0xe3f2470 1 118.1549
4 0xe3fdf00 2 118.1549
4 0xe4182e0 3 121.2
5 0xe3ee200 0 121.2
5 0xe3f5310 1 118.1549
5 0xe400da0 2 118.1549
5 0xe41e020 3 121.2
6 0xe3ee200 0 121.2
6 0xe3ef620 1 118.9978
6 0xe3f81b0 2 118.1549
6 0xe423e70 3 121.2
7 0xe3ee200 0 121.2
7 0xe3f2470 1 118.9978
7 0xe3fb050 2 118.1549
7 0xe429bb0 3 121.2
8 0xe4125a0 0 119.5221
8 0xe41e020 1 117.6926
9 0xe3ef620 0 121.2
9 0xe415440 1 119.5221
9 0xe420fd0 2 117.6926
10 0xe4182e0 0 119.5221
10 0xe423e70 1 117.6926
11 0xe3f2470 0 121.2
11 0xe41b180 1 119.5221
11 0xe426d10 2 117.6926
12 0xe41e020 0 119.5221
12 0xe429bb0 1 117.6926
13 0xe3f5310 0 121.2
13 0xe403c40 1 119.5221
13 0xe420fd0 2 119.5221
14 0xe406ae0 0 119.5221
14 0xe423e70 1 119.5221
15 0xe3f81b0 0 121.2
15 0xe409a10 1 119.5221
15 0xe426d10 2 119.5221
16 0xe40c860 0 119.5221
16 0xe429bb0 1 119.5221
17 0xe3fb050 0 121.2
17 0xe403c40 1 117.6926
17 0xe40f700 2 119.5221
18 0xe406ae0 0 117.6926
18 0xe4125a0 1 119.5221
19 0xe3fdf00 0 121.2
19 0xe409a10 1 117.6926
19 0xe415440 2 119.5221
20 0xe40c860 0 117.6926
20 0xe4182e0 1 119.5221
21 0xe400da0 0 121.2
21 0xe40f700 1 117.6926
21 0xe41b180 2 119.5221
0 0xe3ef620 0 121.2
0 0xe3f2470 1 121.2
0 0xe3f5310 2 121.2
0 0xe3f81b0 3 121.2
0 0xe3fb050 4 121.2
0 0xe3fdf00 5 121.2
0 0xe400da0 6 121.2
1 0xe3ee200 0 121.2
1 0xe3f5310 1 118.1549
1 0xe3fdf00 2 118.9978
1 0xe406ae0 3 121.2
2 0xe3ee200 0 121.2
2 0xe3f81b0 1 118.1549
2 0xe400da0 2 118.9978
2 0xe40c860 3 121.2
3 0xe3ee200 0 121.2
3 0xe3ef620 1 118.1549
3 0xe3fb050 2 118.1549
3 0xe4125a0 3 121.2
4 0xe3ee200 0 121.2
4 0xe3f2470 1 118.1549
4 0xe3fdf00 2 118.1549
4 0xe4182e0 3 121.2
5 0xe3ee200 0 121.2
5 0xe3f5310 1 118.1549
5 0xe400da0 2 118.1549
5 0xe41e020 3 121.2
6 0xe3ee200 0 121.2
6 0xe3ef620 1 118.9978
6 0xe3f81b0 2 118.1549
6 0xe423e70 3 121.2
7 0xe3ee200 0 121.2
7 0xe3f2470 1 118.9978
7 0xe3fb050 2 118.1549
7 0xe429bb0 3 121.2
8 0xe4125a0 0 119.5221
8 0xe41e020 1 117.6926
9 0xe3ef620 0 121.2
9 0xe415440 1 119.5221
9 0xe420fd0 2 117.6926
10 0xe4182e0 0 119.5221
10 0xe423e70 1 117.6926
11 0xe3f2470 0 121.2
11 0xe41b180 1 119.5221
11 0xe426d10 2 117.6926
12 0xe41e020 0 119.5221
12 0xe429bb0 1 117.6926
13 0xe3f5310 0 121.2
13 0xe403c40 1 119.5221
13 0xe420fd0 2 119.5221
14 0xe406ae0 0 119.5221
14 0xe423e70 1 119.5221
15 0xe3f81b0 0 121.2
15 0xe409a10 1 119.5221
15 0xe426d10 2 119.5221
16 0xe40c860 0 119.5221
16 0xe429bb0 1 119.5221
17 0xe3fb050 0 121.2
17 0xe403c40 1 117.6926
17 0xe40f700 2 119.5221
18 0xe406ae0 0 117.6926
18 0xe4125a0 1 119.5221
19 0xe3fdf00 0 121.2
19 0xe409a10 1 117.6926
19 0xe415440 2 119.5221
20 0xe40c860 0 117.6926
20 0xe4182e0 1 119.5221
21 0xe400da0 0 121.2
21 0xe40f700 1 117.6926
21 0xe41b180 2 119.5221
0 0xe3ef620 0 121.2
0 0xe3f2470 1 121.2
0 0xe3f5310 2 121.2
0 0xe3f81b0 3 121.2
0 0xe3fb050 4 121.2
0 0xe3fdf00 5 121.2
0 0xe400da0 6 121.2
1 0xe3ee200 0 121.2
1 0xe3f5310 1 118.1549
1 0xe3fdf00 2 118.9978
1 0xe406ae0 3 121.2
2 0xe3ee200 0 121.2
2 0xe3f81b0 1 118.1549
2 0xe400da0 2 118.9978
2 0xe40c860 3 121.2
3 0xe3ee200 0 121.2
3 0xe3ef620 1 118.1549
3 0xe3fb050 2 118.1549
3 0xe4125a0 3 121.2
4 0xe3ee200 0 121.2
4 0xe3f2470 1 118.1549
4 0xe3fdf00 2 118.1549
4 0xe4182e0 3 121.2
5 0xe3ee200 0 121.2
5 0xe3f5310 1 118.1549
5 0xe400da0 2 118.1549
5 0xe41e020 3 121.2
6 0xe3ee200 0 121.2
6 0xe3ef620 1 118.9978
6 0xe3f81b0 2 118.1549
6 0xe423e70 3 121.2
7 0xe3ee200 0 121.2
7 0xe3f2470 1 118.9978
7 0xe3fb050 2 118.1549
7 0xe429bb0 3 121.2
8 0xe4125a0 0 119.5221
8 0xe41e020 1 117.6926
9 0xe3ef620 0 121.2
9 0xe415440 1 119.5221
9 0xe420fd0 2 117.6926
10 0xe4182e0 0 119.5221
10 0xe423e70 1 117.6926
11 0xe3f2470 0 121.2
11 0xe41b180 1 119.5221
11 0xe426d10 2 117.6926
12 0xe41e020 0 119.5221
12 0xe429bb0 1 117.6926
13 0xe3f5310 0 121.2
13 0xe403c40 1 119.5221
13 0xe420fd0 2 119.5221
14 0xe406ae0 0 119.5221
14 0xe423e70 1 119.5221
15 0xe3f81b0 0 121.2
15 0xe409a10 1 119.5221
15 0xe426d10 2 119.5221
16 0xe40c860 0 119.5221
16 0xe429bb0 1 119.5221
17 0xe3fb050 0 121.2
17 0xe403c40 1 117.6926
17 0xe40f700 2 119.5221
18 0xe406ae0 0 117.6926
18 0xe4125a0 1 119.5221
19 0xe3fdf00 0 121.2
19 0xe409a10 1 117.6926
19 0xe415440 2 119.5221
20 0xe40c860 0 117.6926
20 0xe4182e0 1 119.5221
21 0xe400da0 0 121.2
21 0xe40f700 1 117.6926
21 0xe41b180 2 119.5221
0 0xe3ef620 0 121.2
0 0xe3f2470 1 121.2
0 0xe3f5310 2 121.2
0 0xe3f81b0 3 121.2
0 0xe3fb050 4 121.2
0 0xe3fdf00 5 121.2
0 0xe400da0 6 121.2
1 0xe3ee200 0 121.2
1 0xe3f5310 1 118.1549
1 0xe3fdf00 2 118.9978
1 0xe406ae0 3 121.2
2 0xe3ee200 0 121.2
2 0xe3f81b0 1 118.1549
2 0xe400da0 2 118.9978
2 0xe40c860 3 121.2
3 0xe3ee200 0 121.2
3 0xe3ef620 1 118.1549
3 0xe3fb050 2 118.1549
3 0xe4125a0 3 121.2
4 0xe3ee200 0 121.2
4 0xe3f2470 1 118.1549
4 0xe3fdf00 2 118.1549
4 0xe4182e0 3 121.2
5 0xe3ee200 0 121.2
5 0xe3f5310 1 118.1549
5 0xe400da0 2 118.1549
5 0xe41e020 3 121.2
6 0xe3ee200 0 121.2
6 0xe3ef620 1 118.9978
6 0xe3f81b0 2 118.1549
6 0xe423e70 3 121.2
7 0xe3ee200 0 121.2
7 0xe3f2470 1 118.9978
7 0xe3fb050 2 118.1549
7 0xe429bb0 3 121.2
8 0xe4125a0 0 119.5221
8 0xe41e020 1 117.6926
9 0xe3ef620 0 121.2
9 0xe415440 1 119.5221
9 0xe420fd0 2 117.6926
10 0xe4182e0 0 119.5221
10 0xe423e70 1 117.6926
11 0xe3f2470 0 121.2
11 0xe41b180 1 119.5221
11 0xe426d10 2 117.6926
12 0xe41e020 0 119.5221
12 0xe429bb0 1 117.6926
13 0xe3f5310 0 121.2
13 0xe403c40 1 119.5221
13 0xe420fd0 2 119.5221
14 0xe406ae0 0 119.5221
14 0xe423e70 1 119.5221
15 0xe3f81b0 0 121.2
15 0xe409a10 1 119.5221
15 0xe426d10 2 119.5221
16 0xe40c860 0 119.5221
16 0xe429bb0 1 119.5221
17 0xe3fb050 0 121.2
17 0xe403c40 1 117.6926
17 0xe40f700 2 119.5221
18 0xe406ae0 0 117.6926
18 0xe4125a0 1 119.5221
19 0xe3fdf00 0 121.2
19 0xe409a10 1 117.6926
19 0xe415440 2 119.5221
20 0xe40c860 0 117.6926
20 0xe4182e0 1 119.5221
21 0xe400da0 0 121.2
21 0xe40f700 1 117.6926
21 0xe41b180 2 119.5221
0 0xe3ef620 0 121.2
0 0xe3f2470 1 121.2
0 0xe3f5310 2 121.2
0 0xe3f81b0 3 121.2
0 0xe3fb050 4 121.2
0 0xe3fdf00 5 121.2
0 0xe400da0 6 121.2
1 0xe3ee200 0 121.2
1 0xe3f5310 1 118.1549
1 0xe3fdf00 2 118.9978
1 0xe406ae0 3 121.2
2 0xe3ee200 0 121.2
2 0xe3f81b0 1 118.1549
2 0xe400da0 2 118.9978
2 0xe40c860 3 121.2
3 0xe3ee200 0 121.2
3 0xe3ef620 1 118.1549
3 0xe3fb050 2 118.1549
3 0xe4125a0 3 121.2
4 0xe3ee200 0 121.2
4 0xe3f2470 1 118.1549
4 0xe3fdf00 2 118.1549
4 0xe4182e0 3 121.2
5 0xe3ee200 0 121.2
5 0xe3f5310 1 118.1549
5 0xe400da0 2 118.1549
5 0xe41e020 3 121.2
6 0xe3ee200 0 121.2
6 0xe3ef620 1 118.9978
6 0xe3f81b0 2 118.1549
6 0xe423e70 3 121.2
7 0xe3ee200 0 121.2
7 0xe3f2470 1 118.9978
7 0xe3fb050 2 118.1549
7 0xe429bb0 3 121.2
8 0xe4125a0 0 119.5221
8 0xe41e020 1 117.6926
9 0xe3ef620 0 121.2
9 0xe415440 1 119.5221
9 0xe420fd0 2 117.6926
10 0xe4182e0 0 119.5221
10 0xe423e70 1 117.6926
11 0xe3f2470 0 121.2
11 0xe41b180 1 119.5221
11 0xe426d10 2 117.6926
12 0xe41e020 0 119.5221
12 0xe429bb0 1 117.6926
13 0xe3f5310 0 121.2
13 0xe403c40 1 119.5221
13 0xe420fd0 2 119.5221
14 0xe406ae0 0 119.5221
14 0xe423e70 1 119.5221
15 0xe3f81b0 0 121.2
15 0xe409a10 1 119.5221
15 0xe426d10 2 119.5221
16 0xe40c860 0 119.5221
16 0xe429bb0 1 119.5221
17 0xe3fb050 0 121.2
17 0xe403c40 1 117.6926
17 0xe40f700 2 119.5221
18 0xe406ae0 0 117.6926
18 0xe4125a0 1 119.5221
19 0xe3fdf00 0 121.2
19 0xe409a10 1 117.6926
19 0xe415440 2 119.5221
20 0xe40c860 0 117.6926
20 0xe4182e0 1 119.5221
21 0xe400da0 0 121.2
21 0xe40f700 1 117.6926
21 0xe41b180 2 119.5221
0 0xe3ef620 0 121.2
0 0xe3f2470 1 121.2
0 0xe3f5310 2 121.2
0 0xe3f81b0 3 121.2
0 0xe3fb050 4 121.2
0 0xe3fdf00 5 121.2
0 0xe400da0 6 121.2
1 0xe3ee200 0 121.2
1 0xe3f5310 1 118.1549
1 0xe3fdf00 2 118.9978
1 0xe406ae0 3 121.2
2 0xe3ee200 0 121.2
2 0xe3f81b0 1 118.1549
2 0xe400da0 2 118.9978
2 0xe40c860 3 121.2
3 0xe3ee200 0 121.2
3 0xe3ef620 1 118.1549
3 0xe3fb050 2 118.1549
3 0xe4125a0 3 121.2
4 0xe3ee200 0 121.2
4 0xe3f2470 1 118.1549
4 0xe3fdf00 2 118.1549
4 0xe4182e0 3 121.2
5 0xe3ee200 0 121.2
5 0xe3f5310 1 118.1549
5 0xe400da0 2 118.1549
5 0xe41e020 3 121.2
6 0xe3ee200 0 121.2
6 0xe3ef620 1 118.9978
6 0xe3f81b0 2 118.1549
6 0xe423e70 3 121.2
7 0xe3ee200 0 121.2
7 0xe3f2470 1 118.9978
7 0xe3fb050 2 118.1549
7 0xe429bb0 3 121.2
8 0xe4125a0 0 119.5221
8 0xe41e020 1 117.6926
9 0xe3ef620 0 121.2
9 0xe415440 1 119.5221
9 0xe420fd0 2 117.6926
10 0xe4182e0 0 119.5221
10 0xe423e70 1 117.6926
11 0xe3f2470 0 121.2
11 0xe41b180 1 119.5221
11 0xe426d10 2 117.6926
12 0xe41e020 0 119.5221
12 0xe429bb0 1 117.6926
13 0xe3f5310 0 121.2
13 0xe403c40 1 119.5221
13 0xe420fd0 2 119.5221
14 0xe406ae0 0 119.5221
14 0xe423e70 1 119.5221
15 0xe3f81b0 0 121.2
15 0xe409a10 1 119.5221
15 0xe426d10 2 119.5221
16 0xe40c860 0 119.5221
16 0xe429bb0 1 119.5221
17 0xe3fb050 0 121.2
17 0xe403c40 1 117.6926
17 0xe40f700 2 119.5221
18 0xe406ae0 0 117.6926
18 0xe4125a0 1 119.5221
19 0xe3fdf00 0 121.2
19 0xe409a10 1 117.6926
19 0xe415440 2 119.5221
20 0xe40c860 0 117.6926
20 0xe4182e0 1 119.5221
21 0xe400da0 0 121.2
21 0xe40f700 1 117.6926
21 0xe41b180 2 119.5221
0 0xe3ef620 0 121.2
0 0xe3f2470 1 121.2
0 0xe3f5310 2 121.2
0 0xe3f81b0 3 121.2
0 0xe3fb050 4 121.2
0 0xe3fdf00 5 121.2
0 0xe400da0 6 121.2
1 0xe3ee200 0 121.2
1 0xe3f5310 1 118.1549
1 0xe3fdf00 2 118.9978
1 0xe406ae0 3 121.2
2 0xe3ee200 0 121.2
2 0xe3f81b0 1 118.1549
2 0xe400da0 2 118.9978
2 0xe40c860 3 121.2
3 0xe3ee200 0 121.2
3 0xe3ef620 1 118.1549
3 0xe3fb050 2 118.1549
3 0xe4125a0 3 121.2
4 0xe3ee200 0 121.2
4 0xe3f2470 1 118.1549
4 0xe3fdf00 2 118.1549
4 0xe4182e0 3 121.2
5 0xe3ee200 0 121.2
5 0xe3f5310 1 118.1549
5 0xe400da0 2 118.1549
5 0xe41e020 3 121.2
6 0xe3ee200 0 121.2
6 0xe3ef620 1 118.9978
6 0xe3f81b0 2 118.1549
6 0xe423e70 3 121.2
7 0xe3ee200 0 121.2
7 0xe3f2470 1 118.9978
7 0xe3fb050 2 118.1549
7 0xe429bb0 3 121.2
8 0xe4125a0 0 119.5221
8 0xe41e020 1 117.6926
9 0xe3ef620 0 121.2
9 0xe415440 1 119.5221
9 0xe420fd0 2 117.6926
10 0xe4182e0 0 119.5221
10 0xe423e70 1 117.6926
11 0xe3f2470 0 121.2
11 0xe41b180 1 119.5221
11 0xe426d10 2 117.6926
12 0xe41e020 0 119.5221
12 0xe429bb0 1 117.6926
13 0xe3f5310 0 121.2
13 0xe403c40 1 119.5221
13 0xe420fd0 2 119.5221
14 0xe406ae0 0 119.5221
14 0xe423e70 1 119.5221
15 0xe3f81b0 0 121.2
15 0xe409a10 1 119.5221
15 0xe426d10 2 119.5221
16 0xe40c860 0 119.5221
16 0xe429bb0 1 119.5221
17 0xe3fb050 0 121.2
17 0xe403c40 1 117.6926
17 0xe40f700 2 119.5221
18 0xe406ae0 0 117.6926
18 0xe4125a0 1 119.5221
19 0xe3fdf00 0 121.2
19 0xe409a10 1 117.6926
19 0xe415440 2 119.5221
20 0xe40c860 0 117.6926
20 0xe4182e0 1 119.5221
21 0xe400da0 0 121.2
21 0xe40f700 1 117.6926
21 0xe41b180 2 119.5221
0 0xe3ef620 0 121.2
0 0xe3f2470 1 121.2
0 0xe3f5310 2 121.2
0 0xe3f81b0 3 121.2
0 0xe3fb050 4 121.2
0 0xe3fdf00 5 121.2
0 0xe400da0 6 121.2
1 0xe3ee200 0 121.2
1 0xe3f5310 1 118.1549
1 0xe3fdf00 2 118.9978
1 0xe406ae0 3 121.2
2 0xe3ee200 0 121.2
2 0xe3f81b0 1 118.1549
2 0xe400da0 2 118.9978
2 0xe40c860 3 121.2
3 0xe3ee200 0 121.2
3 0xe3ef620 1 118.1549
3 0xe3fb050 2 118.1549
3 0xe4125a0 3 121.2
4 0xe3ee200 0 121.2
4 0xe3f2470 1 118.1549
4 0xe3fdf00 2 118.1549
4 0xe4182e0 3 121.2
5 0xe3ee200 0 121.2
5 0xe3f5310 1 118.1549
5 0xe400da0 2 118.1549
5 0xe41e020 3 121.2
6 0xe3ee200 0 121.2
6 0xe3ef620 1 118.9978
6 0xe3f81b0 2 118.1549
6 0xe423e70 3 121.2
7 0xe3ee200 0 121.2
7 0xe3f2470 1 118.9978
7 0xe3fb050 2 118.1549
7 0xe429bb0 3 121.2
8 0xe4125a0 0 119.5221
8 0xe41e020 1 117.6926
9 0xe3ef620 0 121.2
9 0xe415440 1 119.5221
9 0xe420fd0 2 117.6926
10 0xe4182e0 0 119.5221
10 0xe423e70 1 117.6926
11 0xe3f2470 0 121.2
11 0xe41b180 1 119.5221
11 0xe426d10 2 117.6926
12 0xe41e020 0 119.5221
12 0xe429bb0 1 117.6926
13 0xe3f5310 0 121.2
13 0xe403c40 1 119.5221
13 0xe420fd0 2 119.5221
14 0xe406ae0 0 119.5221
14 0xe423e70 1 119.5221
15 0xe3f81b0 0 121.2
15 0xe409a10 1 119.5221
15 0xe426d10 2 119.5221
16 0xe40c860 0 119.5221
16 0xe429bb0 1 119.5221
17 0xe3fb050 0 121.2
17 0xe403c40 1 117.6926
17 0xe40f700 2 119.5221
18 0xe406ae0 0 117.6926
18 0xe4125a0 1 119.5221
19 0xe3fdf00 0 121.2
19 0xe409a10 1 117.6926
19 0xe415440 2 119.5221
20 0xe40c860 0 117.6926
20 0xe4182e0 1 119.5221
21 0xe400da0 0 121.2
21 0xe40f700 1 117.6926
21 0xe41b180 2 119.5221
0 0xe3ef620 0 121.2
0 0xe3f2470 1 121.2
0 0xe3f5310 2 121.2
0 0xe3f81b0 3 121.2
0 0xe3fb050 4 121.2
0 0xe3fdf00 5 121.2
0 0xe400da0 6 121.2
1 0xe3ee200 0 121.2
1 0xe3f5310 1 118.1549
1 0xe3fdf00 2 118.9978
1 0xe406ae0 3 121.2
2 0xe3ee200 0 121.2
2 0xe3f81b0 1 118.1549
2 0xe400da0 2 118.9978
2 0xe40c860 3 121.2
3 0xe3ee200 0 121.2
3 0xe3ef620 1 118.1549
3 0xe3fb050 2 118.1549
3 0xe4125a0 3 121.2
4 0xe3ee200 0 121.2
4 0xe3f2470 1 118.1549
4 0xe3fdf00 2 118.1549
4 0xe4182e0 3 121.2
5 0xe3ee200 0 121.2
5 0xe3f5310 1 118.1549
5 0xe400da0 2 118.1549
5 0xe41e020 3 121.2
6 0xe3ee200 0 121.2
6 0xe3ef620 1 118.9978
6 0xe3f81b0 2 118.1549
6 0xe423e70 3 121.2
7 0xe3ee200 0 121.2
7 0xe3f2470 1 118.9978
7 0xe3fb050 2 118.1549
7 0xe429bb0 3 121.2
8 0xe4125a0 0 119.5221
8 0xe41e020 1 117.6926
9 0xe3ef620 0 121.2
9 0xe415440 1 119.5221
9 0xe420fd0 2 117.6926
10 0xe4182e0 0 119.5221
10 0xe423e70 1 117.6926
11 0xe3f2470 0 121.2
11 0xe41b180 1 119.5221
11 0xe426d10 2 117.6926
12 0xe41e020 0 119.5221
12 0xe429bb0 1 117.6926
13 0xe3f5310 0 121.2
13 0xe403c40 1 119.5221
13 0xe420fd0 2 119.5221
14 0xe406ae0 0 119.5221
14 0xe423e70 1 119.5221
15 0xe3f81b0 0 121.2
15 0xe409a10 1 119.5221
15 0xe426d10 2 119.5221
16 0xe40c860 0 119.5221
16 0xe429bb0 1 119.5221
17 0xe3fb050 0 121.2
17 0xe403c40 1 117.6926
17 0xe40f700 2 119.5221
18 0xe406ae0 0 117.6926
18 0xe4125a0 1 119.5221
19 0xe3fdf00 0 121.2
19 0xe409a10 1 117.6926
19 0xe415440 2 119.5221
20 0xe40c860 0 117.6926
20 0xe4182e0 1 119.5221
21 0xe400da0 0 121.2
21 0xe40f700 1 117.6926
21 0xe41b180 2 119.5221
0 0xe3ef620 0 121.2
0 0xe3f2470 1 121.2
0 0xe3f5310 2 121.2
0 0xe3f81b0 3 121.2
0 0xe3fb050 4 121.2
0 0xe3fdf00 5 121.2
0 0xe400da0 6 121.2
1 0xe3ee200 0 121.2
1 0xe3f5310 1 118.1549
1 0xe3fdf00 2 118.9978
1 0xe406ae0 3 121.2
2 0xe3ee200 0 121.2
2 0xe3f81b0 1 118.1549
2 0xe400da0 2 118.9978
2 0xe40c860 3 121.2
3 0xe3ee200 0 121.2
3 0xe3ef620 1 118.1549
3 0xe3fb050 2 118.1549
3 0xe4125a0 3 121.2
4 0xe3ee200 0 121.2
4 0xe3f2470 1 118.1549
4 0xe3fdf00 2 118.1549
4 0xe4182e0 3 121.2
5 0xe3ee200 0 121.2
5 0xe3f5310 1 118.1549
5 0xe400da0 2 118.1549
5 0xe41e020 3 121.2
6 0xe3ee200 0 121.2
6 0xe3ef620 1 118.9978
6 0xe3f81b0 2 118.1549
6 0xe423e70 3 121.2
7 0xe3ee200 0 121.2
7 0xe3f2470 1 118.9978
7 0xe3fb050 2 118.1549
7 0xe429bb0 3 121.2
8 0xe4125a0 0 119.5221
8 0xe41e020 1 117.6926
9 0xe3ef620 0 121.2
9 0xe415440 1 119.5221
9 0xe420fd0 2 117.6926
10 0xe4182e0 0 119.5221
10 0xe423e70 1 117.6926
11 0xe3f2470 0 121.2
11 0xe41b180 1 119.5221
11 0xe426d10 2 117.6926
12 0xe41e020 0 119.5221
12 0xe429bb0 1 117.6926
13 0xe3f5310 0 121.2
13 0xe403c40 1 119.5221
13 0xe420fd0 2 119.5221
14 0xe406ae0 0 119.5221
14 0xe423e70 1 119.5221
15 0xe3f81b0 0 121.2
15 0xe409a10 1 119.5221
15 0xe426d10 2 119.5221
16 0xe40c860 0 119.5221
16 0xe429bb0 1 119.5221
17 0xe3fb050 0 121.2
17 0xe403c40 1 117.6926
17 0xe40f700 2 119.5221
18 0xe406ae0 0 117.6926
18 0xe4125a0 1 119.5221
19 0xe3fdf00 0 121.2
19 0xe409a10 1 117.6926
19 0xe415440 2 119.5221
20 0xe40c860 0 117.6926
20 0xe4182e0 1 119.5221
21 0xe400da0 0 121.2
21 0xe40f700 1 117.6926
21 0xe41b180 2 119.5221
0 0xe3ef620 0 121.2
0 0xe3f2470 1 121.2
0 0xe3f5310 2 121.2
0 0xe3f81b0 3 121.2
0 0xe3fb050 4 121.2
0 0xe3fdf00 5 121.2
0 0xe400da0 6 121.2
1 0xe3ee200 0 121.2
1 0xe3f5310 1 118.1549
1 0xe3fdf00 2 118.9978
1 0xe406ae0 3 121.2
2 0xe3ee200 0 121.2
2 0xe3f81b0 1 118.1549
2 0xe400da0 2 118.9978
2 0xe40c860 3 121.2
3 0xe3ee200 0 121.2
3 0xe3ef620 1 118.1549
3 0xe3fb050 2 118.1549
3 0xe4125a0 3 121.2
4 0xe3ee200 0 121.2
4 0xe3f2470 1 118.1549
4 0xe3fdf00 2 118.1549
4 0xe4182e0 3 121.2
5 0xe3ee200 0 121.2
5 0xe3f5310 1 118.1549
5 0xe400da0 2 118.1549
5 0xe41e020 3 121.2
6 0xe3ee200 0 121.2
6 0xe3ef620 1 118.9978
6 0xe3f81b0 2 118.1549
6 0xe423e70 3 121.2
7 0xe3ee200 0 121.2
7 0xe3f2470 1 118.9978
7 0xe3fb050 2 118.1549
7 0xe429bb0 3 121.2
8 0xe4125a0 0 119.5221
8 0xe41e020 1 117.6926
9 0xe3ef620 0 121.2
9 0xe415440 1 119.5221
9 0xe420fd0 2 117.6926
10 0xe4182e0 0 119.5221
10 0xe423e70 1 117.6926
11 0xe3f2470 0 121.2
11 0xe41b180 1 119.5221
11 0xe426d10 2 117.6926
12 0xe41e020 0 119.5221
12 0xe429bb0 1 117.6926
13 0xe3f5310 0 121.2
13 0xe403c40 1 119.5221
13 0xe420fd0 2 119.5221
14 0xe406ae0 0 119.5221
14 0xe423e70 1 119.5221
15 0xe3f81b0 0 121.2
15 0xe409a10 1 119.5221
15 0xe426d10 2 119.5221
16 0xe40c860 0 119.5221
16 0xe429bb0 1 119.5221
17 0xe3fb050 0 121.2
17 0xe403c40 1 117.6926
17 0xe40f700 2 119.5221
18 0xe406ae0 0 117.6926
18 0xe4125a0 1 119.5221
19 0xe3fdf00 0 121.2
19 0xe409a10 1 117.6926
19 0xe415440 2 119.5221
20 0xe40c860 0 117.6926
20 0xe4182e0 1 119.5221
21 0xe400da0 0 121.2
21 0xe40f700 1 117.6926
21 0xe41b180 2 119.5221
0 0xe3ef620 0 121.2
0 0xe3f2470 1 121.2
0 0xe3f5310 2 121.2
0 0xe3f81b0 3 121.2
0 0xe3fb050 4 121.2
0 0xe3fdf00 5 121.2
0 0xe400da0 6 121.2
1 0xe3ee200 0 121.2
1 0xe3f5310 1 118.1549
1 0xe3fdf00 2 118.9978
1 0xe406ae0 3 121.2
2 0xe3ee200 0 121.2
2 0xe3f81b0 1 118.1549
2 0xe400da0 2 118.9978
2 0xe40c860 3 121.2
3 0xe3ee200 0 121.2
3 0xe3ef620 1 118.1549
3 0xe3fb050 2 118.1549
3 0xe4125a0 3 121.2
4 0xe3ee200 0 121.2
4 0xe3f2470 1 118.1549
4 0xe3fdf00 2 118.1549
4 0xe4182e0 3 121.2
5 0xe3ee200 0 121.2
5 0xe3f5310 1 118.1549
5 0xe400da0 2 118.1549
5 0xe41e020 3 121.2
6 0xe3ee200 0 121.2
6 0xe3ef620 1 118.9978
6 0xe3f81b0 2 118.1549
6 0xe423e70 3 121.2
7 0xe3ee200 0 121.2
7 0xe3f2470 1 118.9978
7 0xe3fb050 2 118.1549
7 0xe429bb0 3 121.2
8 0xe4125a0 0 119.5221
8 0xe41e020 1 117.6926
9 0xe3ef620 0 121.2
9 0xe415440 1 119.5221
9 0xe420fd0 2 117.6926
10 0xe4182e0 0 119.5221
10 0xe423e70 1 117.6926
11 0xe3f2470 0 121.2
11 0xe41b180 1 119.5221
11 0xe426d10 2 117.6926
12 0xe41e020 0 119.5221
12 0xe429bb0 1 117.6926
13 0xe3f5310 0 121.2
13 0xe403c40 1 119.5221
13 0xe420fd0 2 119.5221
14 0xe406ae0 0 119.5221
14 0xe423e70 1 119.5221
15 0xe3f81b0 0 121.2
15 0xe409a10 1 119.5221
15 0xe426d10 2 119.5221
16 0xe40c860 0 119.5221
16 0xe429bb0 1 119.5221
17 0xe3fb050 0 121.2
17 0xe403c40 1 117.6926
17 0xe40f700 2 119.5221
18 0xe406ae0 0 117.6926
18 0xe4125a0 1 119.5221
19 0xe3fdf00 0 121.2
19 0xe409a10 1 117.6926
19 0xe415440 2 119.5221
20 0xe40c860 0 117.6926
20 0xe4182e0 1 119.5221
21 0xe400da0 0 121.2
21 0xe40f700 1 117.6926
21 0xe41b180 2 119.5221
0 0xe3ef620 0 121.2
0 0xe3f2470 1 121.2
0 0xe3f5310 2 121.2
0 0xe3f81b0 3 121.2
0 0xe3fb050 4 121.2
0 0xe3fdf00 5 121.2
0 0xe400da0 6 121.2
1 0xe3ee200 0 121.2
1 0xe3f5310 1 118.1549
1 0xe3fdf00 2 118.9978
1 0xe406ae0 3 121.2
2 0xe3ee200 0 121.2
2 0xe3f81b0 1 118.1549
2 0xe400da0 2 118.9978
2 0xe40c860 3 121.2
3 0xe3ee200 0 121.2
3 0xe3ef620 1 118.1549
3 0xe3fb050 2 118.1549
3 0xe4125a0 3 121.2
4 0xe3ee200 0 121.2
4 0xe3f2470 1 118.1549
4 0xe3fdf00 2 118.1549
4 0xe4182e0 3 121.2
5 0xe3ee200 0 121.2
5 0xe3f5310 1 118.1549
5 0xe400da0 2 118.1549
5 0xe41e020 3 121.2
6 0xe3ee200 0 121.2
6 0xe3ef620 1 118.9978
6 0xe3f81b0 2 118.1549
6 0xe423e70 3 121.2
7 0xe3ee200 0 121.2
7 0xe3f2470 1 118.9978
7 0xe3fb050 2 118.1549
7 0xe429bb0 3 121.2
8 0xe4125a0 0 119.5221
8 0xe41e020 1 117.6926
9 0xe3ef620 0 121.2
9 0xe415440 1 119.5221
9 0xe420fd0 2 117.6926
10 0xe4182e0 0 119.5221
10 0xe423e70 1 117.6926
11 0xe3f2470 0 121.2
11 0xe41b180 1 119.5221
11 0xe426d10 2 117.6926
12 0xe41e020 0 119.5221
12 0xe429bb0 1 117.6926
13 0xe3f5310 0 121.2
13 0xe403c40 1 119.5221
13 0xe420fd0 2 119.5221
14 0xe406ae0 0 119.5221
14 0xe423e70 1 119.5221
15 0xe3f81b0 0 121.2
15 0xe409a10 1 119.5221
15 0xe426d10 2 119.5221
16 0xe40c860 0 119.5221
16 0xe429bb0 1 119.5221
17 0xe3fb050 0 121.2
17 0xe403c40 1 117.6926
17 0xe40f700 2 119.5221
18 0xe406ae0 0 117.6926
18 0xe4125a0 1 119.5221
19 0xe3fdf00 0 121.2
19 0xe409a10 1 117.6926
19 0xe415440 2 119.5221
20 0xe40c860 0 117.6926
20 0xe4182e0 1 119.5221
21 0xe400da0 0 121.2
21 0xe40f700 1 117.6926
21 0xe41b180 2 119.5221
0 0xe3ef620 0 121.2
0 0xe3f2470 1 121.2
0 0xe3f5310 2 121.2
0 0xe3f81b0 3 121.2
0 0xe3fb050 4 121.2
0 0xe3fdf00 5 121.2
0 0xe400da0 6 121.2
1 0xe3ee200 0 121.2
1 0xe3f5310 1 118.1549
1 0xe3fdf00 2 118.9978
1 0xe406ae0 3 121.2
2 0xe3ee200 0 121.2
2 0xe3f81b0 1 118.1549
2 0xe400da0 2 118.9978
2 0xe40c860 3 121.2
3 0xe3ee200 0 121.2
3 0xe3ef620 1 118.1549
3 0xe3fb050 2 118.1549
3 0xe4125a0 3 121.2
4 0xe3ee200 0 121.2
4 0xe3f2470 1 118.1549
4 0xe3fdf00 2 118.1549
4 0xe4182e0 3 121.2
5 0xe3ee200 0 121.2
5 0xe3f5310 1 118.1549
5 0xe400da0 2 118.1549
5 0xe41e020 3 121.2
6 0xe3ee200 0 121.2
6 0xe3ef620 1 118.9978
6 0xe3f81b0 2 118.1549
6 0xe423e70 3 121.2
7 0xe3ee200 0 121.2
7 0xe3f2470 1 118.9978
7 0xe3fb050 2 118.1549
7 0xe429bb0 3 121.2
8 0xe4125a0 0 119.5221
8 0xe41e020 1 117.6926
9 0xe3ef620 0 121.2
9 0xe415440 1 119.5221
9 0xe420fd0 2 117.6926
10 0xe4182e0 0 119.5221
10 0xe423e70 1 117.6926
11 0xe3f2470 0 121.2
11 0xe41b180 1 119.5221
11 0xe426d10 2 117.6926
12 0xe41e020 0 119.5221
12 0xe429bb0 1 117.6926
13 0xe3f5310 0 121.2
13 0xe403c40 1 119.5221
13 0xe420fd0 2 119.5221
14 0xe406ae0 0 119.5221
14 0xe423e70 1 119.5221
15 0xe3f81b0 0 121.2
15 0xe409a10 1 119.5221
15 0xe426d10 2 119.5221
16 0xe40c860 0 119.5221
16 0xe429bb0 1 119.5221
17 0xe3fb050 0 121.2
17 0xe403c40 1 117.6926
17 0xe40f700 2 119.5221
18 0xe406ae0 0 117.6926
18 0xe4125a0 1 119.5221
19 0xe3fdf00 0 121.2
19 0xe409a10 1 117.6926
19 0xe415440 2 119.5221
20 0xe40c860 0 117.6926
20 0xe4182e0 1 119.5221
21 0xe400da0 0 121.2
21 0xe40f700 1 117.6926
21 0xe41b180 2 119.5221
0 0xe3ef620 0 121.2
0 0xe3f2470 1 121.2
0 0xe3f5310 2 121.2
0 0xe3f81b0 3 121.2
0 0xe3fb050 4 121.2
0 0xe3fdf00 5 121.2
0 0xe400da0 6 121.2
1 0xe3ee200 0 121.2
1 0xe3f5310 1 118.1549
1 0xe3fdf00 2 118.9978
1 0xe406ae0 3 121.2
2 0xe3ee200 0 121.2
2 0xe3f81b0 1 118.1549
2 0xe400da0 2 118.9978
2 0xe40c860 3 121.2
3 0xe3ee200 0 121.2
3 0xe3ef620 1 118.1549
3 0xe3fb050 2 118.1549
3 0xe4125a0 3 121.2
4 0xe3ee200 0 121.2
4 0xe3f2470 1 118.1549
4 0xe3fdf00 2 118.1549
4 0xe4182e0 3 121.2
5 0xe3ee200 0 121.2
5 0xe3f5310 1 118.1549
5 0xe400da0 2 118.1549
5 0xe41e020 3 121.2
6 0xe3ee200 0 121.2
6 0xe3ef620 1 118.9978
6 0xe3f81b0 2 118.1549
6 0xe423e70 3 121.2
7 0xe3ee200 0 121.2
7 0xe3f2470 1 118.9978
7 0xe3fb050 2 118.1549
7 0xe429bb0 3 121.2
8 0xe4125a0 0 119.5221
8 0xe41e020 1 117.6926
9 0xe3ef620 0 121.2
9 0xe415440 1 119.5221
9 0xe420fd0 2 117.6926
10 0xe4182e0 0 119.5221
10 0xe423e70 1 117.6926
11 0xe3f2470 0 121.2
11 0xe41b180 1 119.5221
11 0xe426d10 2 117.6926
12 0xe41e020 0 119.5221
12 0xe429bb0 1 117.6926
13 0xe3f5310 0 121.2
13 0xe403c40 1 119.5221
13 0xe420fd0 2 119.5221
14 0xe406ae0 0 119.5221
14 0xe423e70 1 119.5221
15 0xe3f81b0 0 121.2
15 0xe409a10 1 119.5221
15 0xe426d10 2 119.5221
16 0xe40c860 0 119.5221
16 0xe429bb0 1 119.5221
17 0xe3fb050 0 121.2
17 0xe403c40 1 117.6926
17 0xe40f700 2 119.5221
18 0xe406ae0 0 117.6926
18 0xe4125a0 1 119.5221
19 0xe3fdf00 0 121.2
19 0xe409a10 1 117.6926
19 0xe415440 2 119.5221
20 0xe40c860 0 117.6926
20 0xe4182e0 1 119.5221
21 0xe400da0 0 121.2
21 0xe40f700 1 117.6926
21 0xe41b180 2 119.5221
