0, 272.15,  -1260.17, 2432, 4976.34
0, 272.15,  -1260.17, 2432, 4976.34
0, 272.15,  -1260.17, 2432, 4976.34
0, 272.15,  -1260.17, 2432, 4976.34
0, 272.15,  -1260.17, 2432, 4976.34
0, 272.15,  -1260.17, 2432, 4976.34
0, 272.15,  -1260.17, 2432, 4976.34
0, 272.15,  -1260.17, 2432, 4976.34
0, 272.15,  -1260.17, 2432, 4976.34
0, 272.15,  -1260.17, 2432, 4976.34
0, 272.15,  -1260.17, 2432, 4976.34
0, 272.15,  -1260.17, 2432, 4976.34
0, 272.15,  -1260.17, 2432, 4976.34
0, 272.15,  -1260.17, 2432, 4976.34
0, 272.15,  -1260.17, 2432, 4976.34
0, 272.15,  -1260.17, 2432, 4976.34
0, 272.15,  -1260.17, 2432, 4976.34
0, 272.15,  -1260.17, 2432, 4976.34
0, 272.15,  -1260.17, 2432, 4976.34
0, 272.15,  -1260.17, 2432, 4976.34
0, 272.15,  -1260.17, 2432, 4976.34
0, 272.15,  -1260.17, 2432, 4976.34
0.01, 272.083,  -667.38, 2425.32, 4969.66
0.01, 272.083,  -667.38, 2425.32, 4969.66
0.01, 272.083,  -667.38, 2425.32, 4969.66
0.01, 272.083,  -667.38, 2425.32, 4969.66
0.01, 272.083,  -667.38, 2425.32, 4969.66
0.01, 272.083,  -667.38, 2425.32, 4969.66
0.01, 272.083,  -667.38, 2425.32, 4969.66
0.01, 272.083,  -667.38, 2425.32, 4969.66
0.01, 272.083,  -667.38, 2425.32, 4969.66
0.01, 272.083,  -667.38, 2425.32, 4969.66
0.01, 272.083,  -667.38, 2425.32, 4969.66
0.01, 272.083,  -667.38, 2425.32, 4969.66
0.01, 272.083,  -667.38, 2425.32, 4969.66
0.01, 272.083,  -667.38, 2425.32, 4969.66
0.01, 272.083,  -667.38, 2425.32, 4969.66
0.01, 272.083,  -667.38, 2425.32, 4969.66
0.01, 272.083,  -667.38, 2425.32, 4969.66
0.01, 272.083,  -667.38, 2425.32, 4969.66
0.01, 272.083,  -667.38, 2425.32, 4969.66
0.01, 272.083,  -667.38, 2425.32, 4969.66
0.01, 272.083,  -667.38, 2425.32, 4969.66
0.01, 272.083,  -667.38, 2425.32, 4969.66
0.02, 272.017,  -739.356, 2417.93, 4962.27
0.02, 272.017,  -739.356, 2417.93, 4962.27
0.02, 272.017,  -739.356, 2417.93, 4962.27
0.02, 272.017,  -739.356, 2417.93, 4962.27
0.02, 272.017,  -739.356, 2417.93, 4962.27
0.02, 272.017,  -739.356, 2417.93, 4962.27
0.02, 272.017,  -739.356, 2417.93, 4962.27
0.02, 272.017,  -739.356, 2417.93, 4962.27
0.02, 272.017,  -739.356, 2417.93, 4962.27
0.02, 272.017,  -739.356, 2417.93, 4962.27
0.02, 272.017,  -739.356, 2417.93, 4962.27
0.02, 272.017,  -739.356, 2417.93, 4962.27
0.02, 272.017,  -739.356, 2417.93, 4962.27
0.02, 272.017,  -739.356, 2417.93, 4962.27
0.02, 272.017,  -739.356, 2417.93, 4962.27
0.02, 272.017,  -739.356, 2417.93, 4962.27
0.02, 272.017,  -739.356, 2417.93, 4962.27
0.02, 272.017,  -739.356, 2417.93, 4962.27
0.02, 272.017,  -739.356, 2417.93, 4962.27
0.02, 272.017,  -739.356, 2417.93, 4962.27
0.02, 272.017,  -739.356, 2417.93, 4962.27
0.02, 272.017,  -739.356, 2417.93, 4962.27
0.03, 271.95,  -805.222, 2409.88, 4954.22
0.03, 271.95,  -805.222, 2409.88, 4954.22
0.03, 271.95,  -805.222, 2409.88, 4954.22
0.03, 271.95,  -805.222, 2409.88, 4954.22
0.03, 271.95,  -805.222, 2409.88, 4954.22
0.03, 271.95,  -805.222, 2409.88, 4954.22
0.03, 271.95,  -805.222, 2409.88, 4954.22
0.03, 271.95,  -805.222, 2409.88, 4954.22
0.03, 271.95,  -805.222, 2409.88, 4954.22
0.03, 271.95,  -805.222, 2409.88, 4954.22
0.03, 271.95,  -805.222, 2409.88, 4954.22
0.03, 271.95,  -805.222, 2409.88, 4954.22
0.03, 271.95,  -805.222, 2409.88, 4954.22
0.03, 271.95,  -805.222, 2409.88, 4954.22
0.03, 271.95,  -805.222, 2409.88, 4954.22
0.03, 271.95,  -805.222, 2409.88, 4954.22
0.03, 271.95,  -805.222, 2409.88, 4954.22
0.03, 271.95,  -805.222, 2409.88, 4954.22
0.03, 271.95,  -805.222, 2409.88, 4954.22
0.03, 271.95,  -805.222, 2409.88, 4954.22
0.03, 271.95,  -805.222, 2409.88, 4954.22
0.03, 271.95,  -805.222, 2409.88, 4954.22
0.04, 271.883,  -865.321, 2401.23, 4945.56
0.04, 271.883,  -865.321, 2401.23, 4945.56
0.04, 271.883,  -865.321, 2401.23, 4945.56
0.04, 271.883,  -865.321, 2401.23, 4945.56
0.04, 271.883,  -865.321, 2401.23, 4945.56
0.04, 271.883,  -865.321, 2401.23, 4945.56
0.04, 271.883,  -865.321, 2401.23, 4945.56
0.04, 271.883,  -865.321, 2401.23, 4945.56
0.04, 271.883,  -865.321, 2401.23, 4945.56
0.04, 271.883,  -865.321, 2401.23, 4945.56
0.04, 271.883,  -865.321, 2401.23, 4945.56
0.04, 271.883,  -865.321, 2401.23, 4945.56
0.04, 271.883,  -865.321, 2401.23, 4945.56
0.04, 271.883,  -865.321, 2401.23, 4945.56
0.04, 271.883,  -865.321, 2401.23, 4945.56
0.04, 271.883,  -865.321, 2401.23, 4945.56
0.04, 271.883,  -865.321, 2401.23, 4945.56
0.04, 271.883,  -865.321, 2401.23, 4945.56
0.04, 271.883,  -865.321, 2401.23, 4945.56
0.04, 271.883,  -865.321, 2401.23, 4945.56
0.04, 271.883,  -865.321, 2401.23, 4945.56
0.04, 271.883,  -865.321, 2401.23, 4945.56
0.05, 271.817,  -919.983, 2392.03, 4936.36
0.05, 271.817,  -919.983, 2392.03, 4936.36
0.05, 271.817,  -919.983, 2392.03, 4936.36
0.05, 271.817,  -919.983, 2392.03, 4936.36
0.05, 271.817,  -919.983, 2392.03, 4936.36
0.05, 271.817,  -919.983, 2392.03, 4936.36
0.05, 271.817,  -919.983, 2392.03, 4936.36
0.05, 271.817,  -919.983, 2392.03, 4936.36
0.05, 271.817,  -919.983, 2392.03, 4936.36
0.05, 271.817,  -919.983, 2392.03, 4936.36
0.05, 271.817,  -919.983, 2392.03, 4936.36
0.05, 271.817,  -919.983, 2392.03, 4936.36
0.05, 271.817,  -919.983, 2392.03, 4936.36
0.05, 271.817,  -919.983, 2392.03, 4936.36
0.05, 271.817,  -919.983, 2392.03, 4936.36
0.05, 271.817,  -919.983, 2392.03, 4936.36
0.05, 271.817,  -919.983, 2392.03, 4936.36
0.05, 271.817,  -919.983, 2392.03, 4936.36
0.05, 271.817,  -919.983, 2392.03, 4936.36
0.05, 271.817,  -919.983, 2392.03, 4936.36
0.05, 271.817,  -919.983, 2392.03, 4936.36
0.05, 271.817,  -919.983, 2392.03, 4936.36
0.06, 271.75,  -969.517, 2382.33, 4926.67
0.06, 271.75,  -969.517, 2382.33, 4926.67
0.06, 271.75,  -969.517, 2382.33, 4926.67
0.06, 271.75,  -969.517, 2382.33, 4926.67
0.06, 271.75,  -969.517, 2382.33, 4926.67
0.06, 271.75,  -969.517, 2382.33, 4926.67
0.06, 271.75,  -969.517, 2382.33, 4926.67
0.06, 271.75,  -969.517, 2382.33, 4926.67
0.06, 271.75,  -969.517, 2382.33, 4926.67
0.06, 271.75,  -969.517, 2382.33, 4926.67
0.06, 271.75,  -969.517, 2382.33, 4926.67
0.06, 271.75,  -969.517, 2382.33, 4926.67
0.06, 271.75,  -969.517, 2382.33, 4926.67
0.06, 271.75,  -969.517, 2382.33, 4926.67
0.06, 271.75,  -969.517, 2382.33, 4926.67
0.06, 271.75,  -969.517, 2382.33, 4926.67
0.06, 271.75,  -969.517, 2382.33, 4926.67
0.06, 271.75,  -969.517, 2382.33, 4926.67
0.06, 271.75,  -969.517, 2382.33, 4926.67
0.06, 271.75,  -969.517, 2382.33, 4926.67
0.06, 271.75,  -969.517, 2382.33, 4926.67
0.06, 271.75,  -969.517, 2382.33, 4926.67
0.07, 271.683,  -1014.22, 2372.19, 4916.53
0.07, 271.683,  -1014.22, 2372.19, 4916.53
0.07, 271.683,  -1014.22, 2372.19, 4916.53
0.07, 271.683,  -1014.22, 2372.19, 4916.53
0.07, 271.683,  -1014.22, 2372.19, 4916.53
0.07, 271.683,  -1014.22, 2372.19, 4916.53
0.07, 271.683,  -1014.22, 2372.19, 4916.53
0.07, 271.683,  -1014.22, 2372.19, 4916.53
0.07, 271.683,  -1014.22, 2372.19, 4916.53
0.07, 271.683,  -1014.22, 2372.19, 4916.53
0.07, 271.683,  -1014.22, 2372.19, 4916.53
0.07, 271.683,  -1014.22, 2372.19, 4916.53
0.07, 271.683,  -1014.22, 2372.19, 4916.53
0.07, 271.683,  -1014.22, 2372.19, 4916.53
0.07, 271.683,  -1014.22, 2372.19, 4916.53
0.07, 271.683,  -1014.22, 2372.19, 4916.53
0.07, 271.683,  -1014.22, 2372.19, 4916.53
0.07, 271.683,  -1014.22, 2372.19, 4916.53
0.07, 271.683,  -1014.22, 2372.19, 4916.53
0.07, 271.683,  -1014.22, 2372.19, 4916.53
0.07, 271.683,  -1014.22, 2372.19, 4916.53
0.07, 271.683,  -1014.22, 2372.19, 4916.53
0.08, 271.617,  -1054.38, 2361.64, 4905.98
0.08, 271.617,  -1054.38, 2361.64, 4905.98
0.08, 271.617,  -1054.38, 2361.64, 4905.98
0.08, 271.617,  -1054.38, 2361.64, 4905.98
0.08, 271.617,  -1054.38, 2361.64, 4905.98
0.08, 271.617,  -1054.38, 2361.64, 4905.98
0.08, 271.617,  -1054.38, 2361.64, 4905.98
0.08, 271.617,  -1054.38, 2361.64, 4905.98
0.08, 271.617,  -1054.38, 2361.64, 4905.98
0.08, 271.617,  -1054.38, 2361.64, 4905.98
0.08, 271.617,  -1054.38, 2361.64, 4905.98
0.08, 271.617,  -1054.38, 2361.64, 4905.98
0.08, 271.617,  -1054.38, 2361.64, 4905.98
0.08, 271.617,  -1054.38, 2361.64, 4905.98
0.08, 271.617,  -1054.38, 2361.64, 4905.98
0.08, 271.617,  -1054.38, 2361.64, 4905.98
0.08, 271.617,  -1054.38, 2361.64, 4905.98
0.08, 271.617,  -1054.38, 2361.64, 4905.98
0.08, 271.617,  -1054.38, 2361.64, 4905.98
0.08, 271.617,  -1054.38, 2361.64, 4905.98
0.08, 271.617,  -1054.38, 2361.64, 4905.98
0.08, 271.617,  -1054.38, 2361.64, 4905.98
0.09, 271.55,  -1090.25, 2350.74, 4895.08
0.09, 271.55,  -1090.25, 2350.74, 4895.08
0.09, 271.55,  -1090.25, 2350.74, 4895.08
0.09, 271.55,  -1090.25, 2350.74, 4895.08
0.09, 271.55,  -1090.25, 2350.74, 4895.08
0.09, 271.55,  -1090.25, 2350.74, 4895.08
0.09, 271.55,  -1090.25, 2350.74, 4895.08
0.09, 271.55,  -1090.25, 2350.74, 4895.08
0.09, 271.55,  -1090.25, 2350.74, 4895.08
0.09, 271.55,  -1090.25, 2350.74, 4895.08
0.09, 271.55,  -1090.25, 2350.74, 4895.08
0.09, 271.55,  -1090.25, 2350.74, 4895.08
0.09, 271.55,  -1090.25, 2350.74, 4895.08
0.09, 271.55,  -1090.25, 2350.74, 4895.08
0.09, 271.55,  -1090.25, 2350.74, 4895.08
0.09, 271.55,  -1090.25, 2350.74, 4895.08
0.09, 271.55,  -1090.25, 2350.74, 4895.08
0.09, 271.55,  -1090.25, 2350.74, 4895.08
0.09, 271.55,  -1090.25, 2350.74, 4895.08
0.09, 271.55,  -1090.25, 2350.74, 4895.08
0.09, 271.55,  -1090.25, 2350.74, 4895.08
0.09, 271.55,  -1090.25, 2350.74, 4895.08
0.1, 271.483,  -1122.1, 2339.52, 4883.86
0.1, 271.483,  -1122.1, 2339.52, 4883.86
0.1, 271.483,  -1122.1, 2339.52, 4883.86
0.1, 271.483,  -1122.1, 2339.52, 4883.86
0.1, 271.483,  -1122.1, 2339.52, 4883.86
0.1, 271.483,  -1122.1, 2339.52, 4883.86
0.1, 271.483,  -1122.1, 2339.52, 4883.86
0.1, 271.483,  -1122.1, 2339.52, 4883.86
0.1, 271.483,  -1122.1, 2339.52, 4883.86
0.1, 271.483,  -1122.1, 2339.52, 4883.86
0.1, 271.483,  -1122.1, 2339.52, 4883.86
0.1, 271.483,  -1122.1, 2339.52, 4883.86
0.1, 271.483,  -1122.1, 2339.52, 4883.86
0.1, 271.483,  -1122.1, 2339.52, 4883.86
0.1, 271.483,  -1122.1, 2339.52, 4883.86
0.1, 271.483,  -1122.1, 2339.52, 4883.86
0.1, 271.483,  -1122.1, 2339.52, 4883.86
0.1, 271.483,  -1122.1, 2339.52, 4883.86
0.1, 271.483,  -1122.1, 2339.52, 4883.86
0.1, 271.483,  -1122.1, 2339.52, 4883.86
0.1, 271.483,  -1122.1, 2339.52, 4883.86
0.1, 271.483,  -1122.1, 2339.52, 4883.86
0.11, 271.417,  -1150.17, 2327.88, 4872.22
0.11, 271.417,  -1150.17, 2327.88, 4872.22
0.11, 271.417,  -1150.17, 2327.88, 4872.22
0.11, 271.417,  -1150.17, 2327.88, 4872.22
0.11, 271.417,  -1150.17, 2327.88, 4872.22
0.11, 271.417,  -1150.17, 2327.88, 4872.22
0.11, 271.417,  -1150.17, 2327.88, 4872.22
0.11, 271.417,  -1150.17, 2327.88, 4872.22
0.11, 271.417,  -1150.17, 2327.88, 4872.22
0.11, 271.417,  -1150.17, 2327.88, 4872.22
0.11, 271.417,  -1150.17, 2327.88, 4872.22
0.11, 271.417,  -1150.17, 2327.88, 4872.22
0.11, 271.417,  -1150.17, 2327.88, 4872.22
0.11, 271.417,  -1150.17, 2327.88, 4872.22
0.11, 271.417,  -1150.17, 2327.88, 4872.22
0.11, 271.417,  -1150.17, 2327.88, 4872.22
0.11, 271.417,  -1150.17, 2327.88, 4872.22
0.11, 271.417,  -1150.17, 2327.88, 4872.22
0.11, 271.417,  -1150.17, 2327.88, 4872.22
0.11, 271.417,  -1150.17, 2327.88, 4872.22
0.11, 271.417,  -1150.17, 2327.88, 4872.22
0.11, 271.417,  -1150.17, 2327.88, 4872.22
0.12, 271.35,  -1174.68, 2316.01, 4860.35
0.12, 271.35,  -1174.68, 2316.01, 4860.35
0.12, 271.35,  -1174.68, 2316.01, 4860.35
0.12, 271.35,  -1174.68, 2316.01, 4860.35
0.12, 271.35,  -1174.68, 2316.01, 4860.35
0.12, 271.35,  -1174.68, 2316.01, 4860.35
0.12, 271.35,  -1174.68, 2316.01, 4860.35
0.12, 271.35,  -1174.68, 2316.01, 4860.35
0.12, 271.35,  -1174.68, 2316.01, 4860.35
0.12, 271.35,  -1174.68, 2316.01, 4860.35
0.12, 271.35,  -1174.68, 2316.01, 4860.35
0.12, 271.35,  -1174.68, 2316.01, 4860.35
0.12, 271.35,  -1174.68, 2316.01, 4860.35
0.12, 271.35,  -1174.68, 2316.01, 4860.35
0.12, 271.35,  -1174.68, 2316.01, 4860.35
0.12, 271.35,  -1174.68, 2316.01, 4860.35
0.12, 271.35,  -1174.68, 2316.01, 4860.35
0.12, 271.35,  -1174.68, 2316.01, 4860.35
0.12, 271.35,  -1174.68, 2316.01, 4860.35
0.12, 271.35,  -1174.68, 2316.01, 4860.35
0.12, 271.35,  -1174.68, 2316.01, 4860.35
0.12, 271.35,  -1174.68, 2316.01, 4860.35
0.13, 271.283,  -1195.86, 2303.95, 4848.28
0.13, 271.283,  -1195.86, 2303.95, 4848.28
0.13, 271.283,  -1195.86, 2303.95, 4848.28
0.13, 271.283,  -1195.86, 2303.95, 4848.28
0.13, 271.283,  -1195.86, 2303.95, 4848.28
0.13, 271.283,  -1195.86, 2303.95, 4848.28
0.13, 271.283,  -1195.86, 2303.95, 4848.28
0.13, 271.283,  -1195.86, 2303.95, 4848.28
0.13, 271.283,  -1195.86, 2303.95, 4848.28
0.13, 271.283,  -1195.86, 2303.95, 4848.28
0.13, 271.283,  -1195.86, 2303.95, 4848.28
0.13, 271.283,  -1195.86, 2303.95, 4848.28
0.13, 271.283,  -1195.86, 2303.95, 4848.28
0.13, 271.283,  -1195.86, 2303.95, 4848.28
0.13, 271.283,  -1195.86, 2303.95, 4848.28
0.13, 271.283,  -1195.86, 2303.95, 4848.28
0.13, 271.283,  -1195.86, 2303.95, 4848.28
0.13, 271.283,  -1195.86, 2303.95, 4848.28
0.13, 271.283,  -1195.86, 2303.95, 4848.28
0.13, 271.283,  -1195.86, 2303.95, 4848.28
0.13, 271.283,  -1195.86, 2303.95, 4848.28
0.13, 271.283,  -1195.86, 2303.95, 4848.28
0.14, 271.217,  -1213.92, 2291.72, 4836.05
0.14, 271.217,  -1213.92, 2291.72, 4836.05
0.14, 271.217,  -1213.92, 2291.72, 4836.05
0.14, 271.217,  -1213.92, 2291.72, 4836.05
0.14, 271.217,  -1213.92, 2291.72, 4836.05
0.14, 271.217,  -1213.92, 2291.72, 4836.05
0.14, 271.217,  -1213.92, 2291.72, 4836.05
0.14, 271.217,  -1213.92, 2291.72, 4836.05
0.14, 271.217,  -1213.92, 2291.72, 4836.05
0.14, 271.217,  -1213.92, 2291.72, 4836.05
0.14, 271.217,  -1213.92, 2291.72, 4836.05
0.14, 271.217,  -1213.92, 2291.72, 4836.05
0.14, 271.217,  -1213.92, 2291.72, 4836.05
0.14, 271.217,  -1213.92, 2291.72, 4836.05
0.14, 271.217,  -1213.92, 2291.72, 4836.05
0.14, 271.217,  -1213.92, 2291.72, 4836.05
0.14, 271.217,  -1213.92, 2291.72, 4836.05
0.14, 271.217,  -1213.92, 2291.72, 4836.05
0.14, 271.217,  -1213.92, 2291.72, 4836.05
0.14, 271.217,  -1213.92, 2291.72, 4836.05
0.14, 271.217,  -1213.92, 2291.72, 4836.05
0.14, 271.217,  -1213.92, 2291.72, 4836.05
0.15, 271.15,  -1229.04, 2279.35, 4823.69
0.15, 271.15,  -1229.04, 2279.35, 4823.69
0.15, 271.15,  -1229.04, 2279.35, 4823.69
0.15, 271.15,  -1229.04, 2279.35, 4823.69
0.15, 271.15,  -1229.04, 2279.35, 4823.69
0.15, 271.15,  -1229.04, 2279.35, 4823.69
0.15, 271.15,  -1229.04, 2279.35, 4823.69
0.15, 271.15,  -1229.04, 2279.35, 4823.69
0.15, 271.15,  -1229.04, 2279.35, 4823.69
0.15, 271.15,  -1229.04, 2279.35, 4823.69
0.15, 271.15,  -1229.04, 2279.35, 4823.69
0.15, 271.15,  -1229.04, 2279.35, 4823.69
0.15, 271.15,  -1229.04, 2279.35, 4823.69
0.15, 271.15,  -1229.04, 2279.35, 4823.69
0.15, 271.15,  -1229.04, 2279.35, 4823.69
0.15, 271.15,  -1229.04, 2279.35, 4823.69
0.15, 271.15,  -1229.04, 2279.35, 4823.69
0.15, 271.15,  -1229.04, 2279.35, 4823.69
0.15, 271.15,  -1229.04, 2279.35, 4823.69
0.15, 271.15,  -1229.04, 2279.35, 4823.69
0.15, 271.15,  -1229.04, 2279.35, 4823.69
0.15, 271.15,  -1229.04, 2279.35, 4823.69
0.16, 271.083,  -1241.43, 2266.87, 4811.21
0.16, 271.083,  -1241.43, 2266.87, 4811.21
0.16, 271.083,  -1241.43, 2266.87, 4811.21
0.16, 271.083,  -1241.43, 2266.87, 4811.21
0.16, 271.083,  -1241.43, 2266.87, 4811.21
0.16, 271.083,  -1241.43, 2266.87, 4811.21
0.16, 271.083,  -1241.43, 2266.87, 4811.21
0.16, 271.083,  -1241.43, 2266.87, 4811.21
0.16, 271.083,  -1241.43, 2266.87, 4811.21
0.16, 271.083,  -1241.43, 2266.87, 4811.21
0.16, 271.083,  -1241.43, 2266.87, 4811.21
0.16, 271.083,  -1241.43, 2266.87, 4811.21
0.16, 271.083,  -1241.43, 2266.87, 4811.21
0.16, 271.083,  -1241.43, 2266.87, 4811.21
0.16, 271.083,  -1241.43, 2266.87, 4811.21
0.16, 271.083,  -1241.43, 2266.87, 4811.21
0.16, 271.083,  -1241.43, 2266.87, 4811.21
0.16, 271.083,  -1241.43, 2266.87, 4811.21
0.16, 271.083,  -1241.43, 2266.87, 4811.21
0.16, 271.083,  -1241.43, 2266.87, 4811.21
0.16, 271.083,  -1241.43, 2266.87, 4811.21
0.16, 271.083,  -1241.43, 2266.87, 4811.21
0.17, 271.017,  -1251.25, 2254.31, 4798.65
0.17, 271.017,  -1251.25, 2254.31, 4798.65
0.17, 271.017,  -1251.25, 2254.31, 4798.65
0.17, 271.017,  -1251.25, 2254.31, 4798.65
0.17, 271.017,  -1251.25, 2254.31, 4798.65
0.17, 271.017,  -1251.25, 2254.31, 4798.65
0.17, 271.017,  -1251.25, 2254.31, 4798.65
0.17, 271.017,  -1251.25, 2254.31, 4798.65
0.17, 271.017,  -1251.25, 2254.31, 4798.65
0.17, 271.017,  -1251.25, 2254.31, 4798.65
0.17, 271.017,  -1251.25, 2254.31, 4798.65
0.17, 271.017,  -1251.25, 2254.31, 4798.65
0.17, 271.017,  -1251.25, 2254.31, 4798.65
0.17, 271.017,  -1251.25, 2254.31, 4798.65
0.17, 271.017,  -1251.25, 2254.31, 4798.65
0.17, 271.017,  -1251.25, 2254.31, 4798.65
0.17, 271.017,  -1251.25, 2254.31, 4798.65
0.17, 271.017,  -1251.25, 2254.31, 4798.65
0.17, 271.017,  -1251.25, 2254.31, 4798.65
0.17, 271.017,  -1251.25, 2254.31, 4798.65
0.17, 271.017,  -1251.25, 2254.31, 4798.65
0.17, 271.017,  -1251.25, 2254.31, 4798.65
0.18, 270.95,  -1258.67, 2241.69, 4786.03
0.18, 270.95,  -1258.67, 2241.69, 4786.03
0.18, 270.95,  -1258.67, 2241.69, 4786.03
0.18, 270.95,  -1258.67, 2241.69, 4786.03
0.18, 270.95,  -1258.67, 2241.69, 4786.03
0.18, 270.95,  -1258.67, 2241.69, 4786.03
0.18, 270.95,  -1258.67, 2241.69, 4786.03
0.18, 270.95,  -1258.67, 2241.69, 4786.03
0.18, 270.95,  -1258.67, 2241.69, 4786.03
0.18, 270.95,  -1258.67, 2241.69, 4786.03
0.18, 270.95,  -1258.67, 2241.69, 4786.03
0.18, 270.95,  -1258.67, 2241.69, 4786.03
0.18, 270.95,  -1258.67, 2241.69, 4786.03
0.18, 270.95,  -1258.67, 2241.69, 4786.03
0.18, 270.95,  -1258.67, 2241.69, 4786.03
0.18, 270.95,  -1258.67, 2241.69, 4786.03
0.18, 270.95,  -1258.67, 2241.69, 4786.03
0.18, 270.95,  -1258.67, 2241.69, 4786.03
0.18, 270.95,  -1258.67, 2241.69, 4786.03
0.18, 270.95,  -1258.67, 2241.69, 4786.03
0.18, 270.95,  -1258.67, 2241.69, 4786.03
0.18, 270.95,  -1258.67, 2241.69, 4786.03
0.19, 270.883,  -1263.86, 2229.02, 4773.36
0.19, 270.883,  -1263.86, 2229.02, 4773.36
0.19, 270.883,  -1263.86, 2229.02, 4773.36
0.19, 270.883,  -1263.86, 2229.02, 4773.36
0.19, 270.883,  -1263.86, 2229.02, 4773.36
0.19, 270.883,  -1263.86, 2229.02, 4773.36
0.19, 270.883,  -1263.86, 2229.02, 4773.36
0.19, 270.883,  -1263.86, 2229.02, 4773.36
0.19, 270.883,  -1263.86, 2229.02, 4773.36
0.19, 270.883,  -1263.86, 2229.02, 4773.36
0.19, 270.883,  -1263.86, 2229.02, 4773.36
0.19, 270.883,  -1263.86, 2229.02, 4773.36
0.19, 270.883,  -1263.86, 2229.02, 4773.36
0.19, 270.883,  -1263.86, 2229.02, 4773.36
0.19, 270.883,  -1263.86, 2229.02, 4773.36
0.19, 270.883,  -1263.86, 2229.02, 4773.36
0.19, 270.883,  -1263.86, 2229.02, 4773.36
0.19, 270.883,  -1263.86, 2229.02, 4773.36
0.19, 270.883,  -1263.86, 2229.02, 4773.36
0.19, 270.883,  -1263.86, 2229.02, 4773.36
0.19, 270.883,  -1263.86, 2229.02, 4773.36
0.19, 270.883,  -1263.86, 2229.02, 4773.36
0.2, 270.817,  -1266.97, 2216.34, 4760.68
0.2, 270.817,  -1266.97, 2216.34, 4760.68
0.2, 270.817,  -1266.97, 2216.34, 4760.68
0.2, 270.817,  -1266.97, 2216.34, 4760.68
0.2, 270.817,  -1266.97, 2216.34, 4760.68
0.2, 270.817,  -1266.97, 2216.34, 4760.68
0.2, 270.817,  -1266.97, 2216.34, 4760.68
0.2, 270.817,  -1266.97, 2216.34, 4760.68
0.2, 270.817,  -1266.97, 2216.34, 4760.68
0.2, 270.817,  -1266.97, 2216.34, 4760.68
0.2, 270.817,  -1266.97, 2216.34, 4760.68
0.2, 270.817,  -1266.97, 2216.34, 4760.68
0.2, 270.817,  -1266.97, 2216.34, 4760.68
0.2, 270.817,  -1266.97, 2216.34, 4760.68
0.2, 270.817,  -1266.97, 2216.34, 4760.68
0.2, 270.817,  -1266.97, 2216.34, 4760.68
0.2, 270.817,  -1266.97, 2216.34, 4760.68
0.2, 270.817,  -1266.97, 2216.34, 4760.68
0.2, 270.817,  -1266.97, 2216.34, 4760.68
0.2, 270.817,  -1266.97, 2216.34, 4760.68
0.2, 270.817,  -1266.97, 2216.34, 4760.68
0.2, 270.817,  -1266.97, 2216.34, 4760.68
0.21, 270.75,  -1268.13, 2203.65, 4747.99
0.21, 270.75,  -1268.13, 2203.65, 4747.99
0.21, 270.75,  -1268.13, 2203.65, 4747.99
0.21, 270.75,  -1268.13, 2203.65, 4747.99
0.21, 270.75,  -1268.13, 2203.65, 4747.99
0.21, 270.75,  -1268.13, 2203.65, 4747.99
0.21, 270.75,  -1268.13, 2203.65, 4747.99
0.21, 270.75,  -1268.13, 2203.65, 4747.99
0.21, 270.75,  -1268.13, 2203.65, 4747.99
0.21, 270.75,  -1268.13, 2203.65, 4747.99
0.21, 270.75,  -1268.13, 2203.65, 4747.99
0.21, 270.75,  -1268.13, 2203.65, 4747.99
0.21, 270.75,  -1268.13, 2203.65, 4747.99
0.21, 270.75,  -1268.13, 2203.65, 4747.99
0.21, 270.75,  -1268.13, 2203.65, 4747.99
0.21, 270.75,  -1268.13, 2203.65, 4747.99
0.21, 270.75,  -1268.13, 2203.65, 4747.99
0.21, 270.75,  -1268.13, 2203.65, 4747.99
0.21, 270.75,  -1268.13, 2203.65, 4747.99
0.21, 270.75,  -1268.13, 2203.65, 4747.99
0.21, 270.75,  -1268.13, 2203.65, 4747.99
0.21, 270.75,  -1268.13, 2203.65, 4747.99
0.22, 270.683,  -1267.49, 2190.98, 4735.32
0.22, 270.683,  -1267.49, 2190.98, 4735.32
0.22, 270.683,  -1267.49, 2190.98, 4735.32
0.22, 270.683,  -1267.49, 2190.98, 4735.32
0.22, 270.683,  -1267.49, 2190.98, 4735.32
0.22, 270.683,  -1267.49, 2190.98, 4735.32
0.22, 270.683,  -1267.49, 2190.98, 4735.32
0.22, 270.683,  -1267.49, 2190.98, 4735.32
0.22, 270.683,  -1267.49, 2190.98, 4735.32
0.22, 270.683,  -1267.49, 2190.98, 4735.32
0.22, 270.683,  -1267.49, 2190.98, 4735.32
0.22, 270.683,  -1267.49, 2190.98, 4735.32
0.22, 270.683,  -1267.49, 2190.98, 4735.32
0.22, 270.683,  -1267.49, 2190.98, 4735.32
0.22, 270.683,  -1267.49, 2190.98, 4735.32
0.22, 270.683,  -1267.49, 2190.98, 4735.32
0.22, 270.683,  -1267.49, 2190.98, 4735.32
0.22, 270.683,  -1267.49, 2190.98, 4735.32
0.22, 270.683,  -1267.49, 2190.98, 4735.32
0.22, 270.683,  -1267.49, 2190.98, 4735.32
0.22, 270.683,  -1267.49, 2190.98, 4735.32
0.22, 270.683,  -1267.49, 2190.98, 4735.32
0.23, 270.617,  -1265.18, 2178.34, 4722.68
0.23, 270.617,  -1265.18, 2178.34, 4722.68
0.23, 270.617,  -1265.18, 2178.34, 4722.68
0.23, 270.617,  -1265.18, 2178.34, 4722.68
0.23, 270.617,  -1265.18, 2178.34, 4722.68
0.23, 270.617,  -1265.18, 2178.34, 4722.68
0.23, 270.617,  -1265.18, 2178.34, 4722.68
0.23, 270.617,  -1265.18, 2178.34, 4722.68
0.23, 270.617,  -1265.18, 2178.34, 4722.68
0.23, 270.617,  -1265.18, 2178.34, 4722.68
0.23, 270.617,  -1265.18, 2178.34, 4722.68
0.23, 270.617,  -1265.18, 2178.34, 4722.68
0.23, 270.617,  -1265.18, 2178.34, 4722.68
0.23, 270.617,  -1265.18, 2178.34, 4722.68
0.23, 270.617,  -1265.18, 2178.34, 4722.68
0.23, 270.617,  -1265.18, 2178.34, 4722.68
0.23, 270.617,  -1265.18, 2178.34, 4722.68
0.23, 270.617,  -1265.18, 2178.34, 4722.68
0.23, 270.617,  -1265.18, 2178.34, 4722.68
0.23, 270.617,  -1265.18, 2178.34, 4722.68
0.23, 270.617,  -1265.18, 2178.34, 4722.68
0.23, 270.617,  -1265.18, 2178.34, 4722.68
0.24, 270.55,  -1261.31, 2165.75, 4710.08
0.24, 270.55,  -1261.31, 2165.75, 4710.08
0.24, 270.55,  -1261.31, 2165.75, 4710.08
0.24, 270.55,  -1261.31, 2165.75, 4710.08
0.24, 270.55,  -1261.31, 2165.75, 4710.08
0.24, 270.55,  -1261.31, 2165.75, 4710.08
0.24, 270.55,  -1261.31, 2165.75, 4710.08
0.24, 270.55,  -1261.31, 2165.75, 4710.08
0.24, 270.55,  -1261.31, 2165.75, 4710.08
0.24, 270.55,  -1261.31, 2165.75, 4710.08
0.24, 270.55,  -1261.31, 2165.75, 4710.08
0.24, 270.55,  -1261.31, 2165.75, 4710.08
0.24, 270.55,  -1261.31, 2165.75, 4710.08
0.24, 270.55,  -1261.31, 2165.75, 4710.08
0.24, 270.55,  -1261.31, 2165.75, 4710.08
0.24, 270.55,  -1261.31, 2165.75, 4710.08
0.24, 270.55,  -1261.31, 2165.75, 4710.08
0.24, 270.55,  -1261.31, 2165.75, 4710.08
0.24, 270.55,  -1261.31, 2165.75, 4710.08
0.24, 270.55,  -1261.31, 2165.75, 4710.08
0.24, 270.55,  -1261.31, 2165.75, 4710.08
0.24, 270.55,  -1261.31, 2165.75, 4710.08
0.25, 270.483,  -1256, 2153.21, 4697.55
0.25, 270.483,  -1256, 2153.21, 4697.55
0.25, 270.483,  -1256, 2153.21, 4697.55
0.25, 270.483,  -1256, 2153.21, 4697.55
0.25, 270.483,  -1256, 2153.21, 4697.55
0.25, 270.483,  -1256, 2153.21, 4697.55
0.25, 270.483,  -1256, 2153.21, 4697.55
0.25, 270.483,  -1256, 2153.21, 4697.55
0.25, 270.483,  -1256, 2153.21, 4697.55
0.25, 270.483,  -1256, 2153.21, 4697.55
0.25, 270.483,  -1256, 2153.21, 4697.55
0.25, 270.483,  -1256, 2153.21, 4697.55
0.25, 270.483,  -1256, 2153.21, 4697.55
0.25, 270.483,  -1256, 2153.21, 4697.55
0.25, 270.483,  -1256, 2153.21, 4697.55
0.25, 270.483,  -1256, 2153.21, 4697.55
0.25, 270.483,  -1256, 2153.21, 4697.55
0.25, 270.483,  -1256, 2153.21, 4697.55
0.25, 270.483,  -1256, 2153.21, 4697.55
0.25, 270.483,  -1256, 2153.21, 4697.55
0.25, 270.483,  -1256, 2153.21, 4697.55
0.25, 270.483,  -1256, 2153.21, 4697.55
0.26, 270.417,  -1249.37, 2140.75, 4685.09
0.26, 270.417,  -1249.37, 2140.75, 4685.09
0.26, 270.417,  -1249.37, 2140.75, 4685.09
0.26, 270.417,  -1249.37, 2140.75, 4685.09
0.26, 270.417,  -1249.37, 2140.75, 4685.09
0.26, 270.417,  -1249.37, 2140.75, 4685.09
0.26, 270.417,  -1249.37, 2140.75, 4685.09
0.26, 270.417,  -1249.37, 2140.75, 4685.09
0.26, 270.417,  -1249.37, 2140.75, 4685.09
0.26, 270.417,  -1249.37, 2140.75, 4685.09
0.26, 270.417,  -1249.37, 2140.75, 4685.09
0.26, 270.417,  -1249.37, 2140.75, 4685.09
0.26, 270.417,  -1249.37, 2140.75, 4685.09
0.26, 270.417,  -1249.37, 2140.75, 4685.09
0.26, 270.417,  -1249.37, 2140.75, 4685.09
0.26, 270.417,  -1249.37, 2140.75, 4685.09
0.26, 270.417,  -1249.37, 2140.75, 4685.09
0.26, 270.417,  -1249.37, 2140.75, 4685.09
0.26, 270.417,  -1249.37, 2140.75, 4685.09
0.26, 270.417,  -1249.37, 2140.75, 4685.09
0.26, 270.417,  -1249.37, 2140.75, 4685.09
0.26, 270.417,  -1249.37, 2140.75, 4685.09
0.27, 270.35,  -1241.51, 2128.38, 4672.71
0.27, 270.35,  -1241.51, 2128.38, 4672.71
0.27, 270.35,  -1241.51, 2128.38, 4672.71
0.27, 270.35,  -1241.51, 2128.38, 4672.71
0.27, 270.35,  -1241.51, 2128.38, 4672.71
0.27, 270.35,  -1241.51, 2128.38, 4672.71
0.27, 270.35,  -1241.51, 2128.38, 4672.71
0.27, 270.35,  -1241.51, 2128.38, 4672.71
0.27, 270.35,  -1241.51, 2128.38, 4672.71
0.27, 270.35,  -1241.51, 2128.38, 4672.71
0.27, 270.35,  -1241.51, 2128.38, 4672.71
0.27, 270.35,  -1241.51, 2128.38, 4672.71
0.27, 270.35,  -1241.51, 2128.38, 4672.71
0.27, 270.35,  -1241.51, 2128.38, 4672.71
0.27, 270.35,  -1241.51, 2128.38, 4672.71
0.27, 270.35,  -1241.51, 2128.38, 4672.71
0.27, 270.35,  -1241.51, 2128.38, 4672.71
0.27, 270.35,  -1241.51, 2128.38, 4672.71
0.27, 270.35,  -1241.51, 2128.38, 4672.71
0.27, 270.35,  -1241.51, 2128.38, 4672.71
0.27, 270.35,  -1241.51, 2128.38, 4672.71
0.27, 270.35,  -1241.51, 2128.38, 4672.71
0.28, 270.283,  -1232.52, 2116.1, 4660.43
0.28, 270.283,  -1232.52, 2116.1, 4660.43
0.28, 270.283,  -1232.52, 2116.1, 4660.43
0.28, 270.283,  -1232.52, 2116.1, 4660.43
0.28, 270.283,  -1232.52, 2116.1, 4660.43
0.28, 270.283,  -1232.52, 2116.1, 4660.43
0.28, 270.283,  -1232.52, 2116.1, 4660.43
0.28, 270.283,  -1232.52, 2116.1, 4660.43
0.28, 270.283,  -1232.52, 2116.1, 4660.43
0.28, 270.283,  -1232.52, 2116.1, 4660.43
0.28, 270.283,  -1232.52, 2116.1, 4660.43
0.28, 270.283,  -1232.52, 2116.1, 4660.43
0.28, 270.283,  -1232.52, 2116.1, 4660.43
0.28, 270.283,  -1232.52, 2116.1, 4660.43
0.28, 270.283,  -1232.52, 2116.1, 4660.43
0.28, 270.283,  -1232.52, 2116.1, 4660.43
0.28, 270.283,  -1232.52, 2116.1, 4660.43
0.28, 270.283,  -1232.52, 2116.1, 4660.43
0.28, 270.283,  -1232.52, 2116.1, 4660.43
0.28, 270.283,  -1232.52, 2116.1, 4660.43
0.28, 270.283,  -1232.52, 2116.1, 4660.43
0.28, 270.283,  -1232.52, 2116.1, 4660.43
0.29, 270.217,  -1222.49, 2103.92, 4648.26
0.29, 270.217,  -1222.49, 2103.92, 4648.26
0.29, 270.217,  -1222.49, 2103.92, 4648.26
0.29, 270.217,  -1222.49, 2103.92, 4648.26
0.29, 270.217,  -1222.49, 2103.92, 4648.26
0.29, 270.217,  -1222.49, 2103.92, 4648.26
0.29, 270.217,  -1222.49, 2103.92, 4648.26
0.29, 270.217,  -1222.49, 2103.92, 4648.26
0.29, 270.217,  -1222.49, 2103.92, 4648.26
0.29, 270.217,  -1222.49, 2103.92, 4648.26
0.29, 270.217,  -1222.49, 2103.92, 4648.26
0.29, 270.217,  -1222.49, 2103.92, 4648.26
0.29, 270.217,  -1222.49, 2103.92, 4648.26
0.29, 270.217,  -1222.49, 2103.92, 4648.26
0.29, 270.217,  -1222.49, 2103.92, 4648.26
0.29, 270.217,  -1222.49, 2103.92, 4648.26
0.29, 270.217,  -1222.49, 2103.92, 4648.26
0.29, 270.217,  -1222.49, 2103.92, 4648.26
0.29, 270.217,  -1222.49, 2103.92, 4648.26
0.29, 270.217,  -1222.49, 2103.92, 4648.26
0.29, 270.217,  -1222.49, 2103.92, 4648.26
0.29, 270.217,  -1222.49, 2103.92, 4648.26
0.3, 270.15,  -1211.52, 2091.86, 4636.2
0.3, 270.15,  -1211.52, 2091.86, 4636.2
0.3, 270.15,  -1211.52, 2091.86, 4636.2
0.3, 270.15,  -1211.52, 2091.86, 4636.2
0.3, 270.15,  -1211.52, 2091.86, 4636.2
0.3, 270.15,  -1211.52, 2091.86, 4636.2
0.3, 270.15,  -1211.52, 2091.86, 4636.2
0.3, 270.15,  -1211.52, 2091.86, 4636.2
0.3, 270.15,  -1211.52, 2091.86, 4636.2
0.3, 270.15,  -1211.52, 2091.86, 4636.2
0.3, 270.15,  -1211.52, 2091.86, 4636.2
0.3, 270.15,  -1211.52, 2091.86, 4636.2
0.3, 270.15,  -1211.52, 2091.86, 4636.2
0.3, 270.15,  -1211.52, 2091.86, 4636.2
0.3, 270.15,  -1211.52, 2091.86, 4636.2
0.3, 270.15,  -1211.52, 2091.86, 4636.2
0.3, 270.15,  -1211.52, 2091.86, 4636.2
0.3, 270.15,  -1211.52, 2091.86, 4636.2
0.3, 270.15,  -1211.52, 2091.86, 4636.2
0.3, 270.15,  -1211.52, 2091.86, 4636.2
0.3, 270.15,  -1211.52, 2091.86, 4636.2
0.3, 270.15,  -1211.52, 2091.86, 4636.2
0.31, 270.083,  -1199.68, 2079.92, 4624.26
0.31, 270.083,  -1199.68, 2079.92, 4624.26
0.31, 270.083,  -1199.68, 2079.92, 4624.26
0.31, 270.083,  -1199.68, 2079.92, 4624.26
0.31, 270.083,  -1199.68, 2079.92, 4624.26
0.31, 270.083,  -1199.68, 2079.92, 4624.26
0.31, 270.083,  -1199.68, 2079.92, 4624.26
0.31, 270.083,  -1199.68, 2079.92, 4624.26
0.31, 270.083,  -1199.68, 2079.92, 4624.26
0.31, 270.083,  -1199.68, 2079.92, 4624.26
0.31, 270.083,  -1199.68, 2079.92, 4624.26
0.31, 270.083,  -1199.68, 2079.92, 4624.26
0.31, 270.083,  -1199.68, 2079.92, 4624.26
0.31, 270.083,  -1199.68, 2079.92, 4624.26
0.31, 270.083,  -1199.68, 2079.92, 4624.26
0.31, 270.083,  -1199.68, 2079.92, 4624.26
0.31, 270.083,  -1199.68, 2079.92, 4624.26
0.31, 270.083,  -1199.68, 2079.92, 4624.26
0.31, 270.083,  -1199.68, 2079.92, 4624.26
0.31, 270.083,  -1199.68, 2079.92, 4624.26
0.31, 270.083,  -1199.68, 2079.92, 4624.26
0.31, 270.083,  -1199.68, 2079.92, 4624.26
0.32, 270.017,  -1187.06, 2068.12, 4612.45
0.32, 270.017,  -1187.06, 2068.12, 4612.45
0.32, 270.017,  -1187.06, 2068.12, 4612.45
0.32, 270.017,  -1187.06, 2068.12, 4612.45
0.32, 270.017,  -1187.06, 2068.12, 4612.45
0.32, 270.017,  -1187.06, 2068.12, 4612.45
0.32, 270.017,  -1187.06, 2068.12, 4612.45
0.32, 270.017,  -1187.06, 2068.12, 4612.45
0.32, 270.017,  -1187.06, 2068.12, 4612.45
0.32, 270.017,  -1187.06, 2068.12, 4612.45
0.32, 270.017,  -1187.06, 2068.12, 4612.45
0.32, 270.017,  -1187.06, 2068.12, 4612.45
0.32, 270.017,  -1187.06, 2068.12, 4612.45
0.32, 270.017,  -1187.06, 2068.12, 4612.45
0.32, 270.017,  -1187.06, 2068.12, 4612.45
0.32, 270.017,  -1187.06, 2068.12, 4612.45
0.32, 270.017,  -1187.06, 2068.12, 4612.45
0.32, 270.017,  -1187.06, 2068.12, 4612.45
0.32, 270.017,  -1187.06, 2068.12, 4612.45
0.32, 270.017,  -1187.06, 2068.12, 4612.45
0.32, 270.017,  -1187.06, 2068.12, 4612.45
0.32, 270.017,  -1187.06, 2068.12, 4612.45
0.33, 269.95,  -1173.71, 2056.44, 4600.78
0.33, 269.95,  -1173.71, 2056.44, 4600.78
0.33, 269.95,  -1173.71, 2056.44, 4600.78
0.33, 269.95,  -1173.71, 2056.44, 4600.78
0.33, 269.95,  -1173.71, 2056.44, 4600.78
0.33, 269.95,  -1173.71, 2056.44, 4600.78
0.33, 269.95,  -1173.71, 2056.44, 4600.78
0.33, 269.95,  -1173.71, 2056.44, 4600.78
0.33, 269.95,  -1173.71, 2056.44, 4600.78
0.33, 269.95,  -1173.71, 2056.44, 4600.78
0.33, 269.95,  -1173.71, 2056.44, 4600.78
0.33, 269.95,  -1173.71, 2056.44, 4600.78
0.33, 269.95,  -1173.71, 2056.44, 4600.78
0.33, 269.95,  -1173.71, 2056.44, 4600.78
0.33, 269.95,  -1173.71, 2056.44, 4600.78
0.33, 269.95,  -1173.71, 2056.44, 4600.78
0.33, 269.95,  -1173.71, 2056.44, 4600.78
0.33, 269.95,  -1173.71, 2056.44, 4600.78
0.33, 269.95,  -1173.71, 2056.44, 4600.78
0.33, 269.95,  -1173.71, 2056.44, 4600.78
0.33, 269.95,  -1173.71, 2056.44, 4600.78
0.33, 269.95,  -1173.71, 2056.44, 4600.78
0.34, 269.883,  -1159.72, 2044.92, 4589.26
0.34, 269.883,  -1159.72, 2044.92, 4589.26
0.34, 269.883,  -1159.72, 2044.92, 4589.26
0.34, 269.883,  -1159.72, 2044.92, 4589.26
0.34, 269.883,  -1159.72, 2044.92, 4589.26
0.34, 269.883,  -1159.72, 2044.92, 4589.26
0.34, 269.883,  -1159.72, 2044.92, 4589.26
0.34, 269.883,  -1159.72, 2044.92, 4589.26
0.34, 269.883,  -1159.72, 2044.92, 4589.26
0.34, 269.883,  -1159.72, 2044.92, 4589.26
0.34, 269.883,  -1159.72, 2044.92, 4589.26
0.34, 269.883,  -1159.72, 2044.92, 4589.26
0.34, 269.883,  -1159.72, 2044.92, 4589.26
0.34, 269.883,  -1159.72, 2044.92, 4589.26
0.34, 269.883,  -1159.72, 2044.92, 4589.26
0.34, 269.883,  -1159.72, 2044.92, 4589.26
0.34, 269.883,  -1159.72, 2044.92, 4589.26
0.34, 269.883,  -1159.72, 2044.92, 4589.26
0.34, 269.883,  -1159.72, 2044.92, 4589.26
0.34, 269.883,  -1159.72, 2044.92, 4589.26
0.34, 269.883,  -1159.72, 2044.92, 4589.26
0.34, 269.883,  -1159.72, 2044.92, 4589.26
0.35, 269.817,  -1145.15, 2033.54, 4577.88
0.35, 269.817,  -1145.15, 2033.54, 4577.88
0.35, 269.817,  -1145.15, 2033.54, 4577.88
0.35, 269.817,  -1145.15, 2033.54, 4577.88
0.35, 269.817,  -1145.15, 2033.54, 4577.88
0.35, 269.817,  -1145.15, 2033.54, 4577.88
0.35, 269.817,  -1145.15, 2033.54, 4577.88
0.35, 269.817,  -1145.15, 2033.54, 4577.88
0.35, 269.817,  -1145.15, 2033.54, 4577.88
0.35, 269.817,  -1145.15, 2033.54, 4577.88
0.35, 269.817,  -1145.15, 2033.54, 4577.88
0.35, 269.817,  -1145.15, 2033.54, 4577.88
0.35, 269.817,  -1145.15, 2033.54, 4577.88
0.35, 269.817,  -1145.15, 2033.54, 4577.88
0.35, 269.817,  -1145.15, 2033.54, 4577.88
0.35, 269.817,  -1145.15, 2033.54, 4577.88
0.35, 269.817,  -1145.15, 2033.54, 4577.88
0.35, 269.817,  -1145.15, 2033.54, 4577.88
0.35, 269.817,  -1145.15, 2033.54, 4577.88
0.35, 269.817,  -1145.15, 2033.54, 4577.88
0.35, 269.817,  -1145.15, 2033.54, 4577.88
0.35, 269.817,  -1145.15, 2033.54, 4577.88
0.36, 269.75,  -1130.06, 2022.31, 4566.65
0.36, 269.75,  -1130.06, 2022.31, 4566.65
0.36, 269.75,  -1130.06, 2022.31, 4566.65
0.36, 269.75,  -1130.06, 2022.31, 4566.65
0.36, 269.75,  -1130.06, 2022.31, 4566.65
0.36, 269.75,  -1130.06, 2022.31, 4566.65
0.36, 269.75,  -1130.06, 2022.31, 4566.65
0.36, 269.75,  -1130.06, 2022.31, 4566.65
0.36, 269.75,  -1130.06, 2022.31, 4566.65
0.36, 269.75,  -1130.06, 2022.31, 4566.65
0.36, 269.75,  -1130.06, 2022.31, 4566.65
0.36, 269.75,  -1130.06, 2022.31, 4566.65
0.36, 269.75,  -1130.06, 2022.31, 4566.65
0.36, 269.75,  -1130.06, 2022.31, 4566.65
0.36, 269.75,  -1130.06, 2022.31, 4566.65
0.36, 269.75,  -1130.06, 2022.31, 4566.65
0.36, 269.75,  -1130.06, 2022.31, 4566.65
0.36, 269.75,  -1130.06, 2022.31, 4566.65
0.36, 269.75,  -1130.06, 2022.31, 4566.65
0.36, 269.75,  -1130.06, 2022.31, 4566.65
0.36, 269.75,  -1130.06, 2022.31, 4566.65
0.36, 269.75,  -1130.06, 2022.31, 4566.65
0.37, 269.683,  -1114.5, 2011.25, 4555.59
0.37, 269.683,  -1114.5, 2011.25, 4555.59
0.37, 269.683,  -1114.5, 2011.25, 4555.59
0.37, 269.683,  -1114.5, 2011.25, 4555.59
0.37, 269.683,  -1114.5, 2011.25, 4555.59
0.37, 269.683,  -1114.5, 2011.25, 4555.59
0.37, 269.683,  -1114.5, 2011.25, 4555.59
0.37, 269.683,  -1114.5, 2011.25, 4555.59
0.37, 269.683,  -1114.5, 2011.25, 4555.59
0.37, 269.683,  -1114.5, 2011.25, 4555.59
0.37, 269.683,  -1114.5, 2011.25, 4555.59
0.37, 269.683,  -1114.5, 2011.25, 4555.59
0.37, 269.683,  -1114.5, 2011.25, 4555.59
0.37, 269.683,  -1114.5, 2011.25, 4555.59
0.37, 269.683,  -1114.5, 2011.25, 4555.59
0.37, 269.683,  -1114.5, 2011.25, 4555.59
0.37, 269.683,  -1114.5, 2011.25, 4555.59
0.37, 269.683,  -1114.5, 2011.25, 4555.59
0.37, 269.683,  -1114.5, 2011.25, 4555.59
0.37, 269.683,  -1114.5, 2011.25, 4555.59
0.37, 269.683,  -1114.5, 2011.25, 4555.59
0.37, 269.683,  -1114.5, 2011.25, 4555.59
0.38, 269.617,  -1098.53, 2000.34, 4544.68
0.38, 269.617,  -1098.53, 2000.34, 4544.68
0.38, 269.617,  -1098.53, 2000.34, 4544.68
0.38, 269.617,  -1098.53, 2000.34, 4544.68
0.38, 269.617,  -1098.53, 2000.34, 4544.68
0.38, 269.617,  -1098.53, 2000.34, 4544.68
0.38, 269.617,  -1098.53, 2000.34, 4544.68
0.38, 269.617,  -1098.53, 2000.34, 4544.68
0.38, 269.617,  -1098.53, 2000.34, 4544.68
0.38, 269.617,  -1098.53, 2000.34, 4544.68
0.38, 269.617,  -1098.53, 2000.34, 4544.68
0.38, 269.617,  -1098.53, 2000.34, 4544.68
0.38, 269.617,  -1098.53, 2000.34, 4544.68
0.38, 269.617,  -1098.53, 2000.34, 4544.68
0.38, 269.617,  -1098.53, 2000.34, 4544.68
0.38, 269.617,  -1098.53, 2000.34, 4544.68
0.38, 269.617,  -1098.53, 2000.34, 4544.68
0.38, 269.617,  -1098.53, 2000.34, 4544.68
0.38, 269.617,  -1098.53, 2000.34, 4544.68
0.38, 269.617,  -1098.53, 2000.34, 4544.68
0.38, 269.617,  -1098.53, 2000.34, 4544.68
0.38, 269.617,  -1098.53, 2000.34, 4544.68
0.39, 269.55,  -1082.21, 1989.6, 4533.94
0.39, 269.55,  -1082.21, 1989.6, 4533.94
0.39, 269.55,  -1082.21, 1989.6, 4533.94
0.39, 269.55,  -1082.21, 1989.6, 4533.94
0.39, 269.55,  -1082.21, 1989.6, 4533.94
0.39, 269.55,  -1082.21, 1989.6, 4533.94
0.39, 269.55,  -1082.21, 1989.6, 4533.94
0.39, 269.55,  -1082.21, 1989.6, 4533.94
0.39, 269.55,  -1082.21, 1989.6, 4533.94
0.39, 269.55,  -1082.21, 1989.6, 4533.94
0.39, 269.55,  -1082.21, 1989.6, 4533.94
0.39, 269.55,  -1082.21, 1989.6, 4533.94
0.39, 269.55,  -1082.21, 1989.6, 4533.94
0.39, 269.55,  -1082.21, 1989.6, 4533.94
0.39, 269.55,  -1082.21, 1989.6, 4533.94
0.39, 269.55,  -1082.21, 1989.6, 4533.94
0.39, 269.55,  -1082.21, 1989.6, 4533.94
0.39, 269.55,  -1082.21, 1989.6, 4533.94
0.39, 269.55,  -1082.21, 1989.6, 4533.94
0.39, 269.55,  -1082.21, 1989.6, 4533.94
0.39, 269.55,  -1082.21, 1989.6, 4533.94
0.39, 269.55,  -1082.21, 1989.6, 4533.94
0.4, 269.483,  -1065.57, 1979.03, 4523.37
0.4, 269.483,  -1065.57, 1979.03, 4523.37
0.4, 269.483,  -1065.57, 1979.03, 4523.37
0.4, 269.483,  -1065.57, 1979.03, 4523.37
0.4, 269.483,  -1065.57, 1979.03, 4523.37
0.4, 269.483,  -1065.57, 1979.03, 4523.37
0.4, 269.483,  -1065.57, 1979.03, 4523.37
0.4, 269.483,  -1065.57, 1979.03, 4523.37
0.4, 269.483,  -1065.57, 1979.03, 4523.37
0.4, 269.483,  -1065.57, 1979.03, 4523.37
0.4, 269.483,  -1065.57, 1979.03, 4523.37
0.4, 269.483,  -1065.57, 1979.03, 4523.37
0.4, 269.483,  -1065.57, 1979.03, 4523.37
0.4, 269.483,  -1065.57, 1979.03, 4523.37
0.4, 269.483,  -1065.57, 1979.03, 4523.37
0.4, 269.483,  -1065.57, 1979.03, 4523.37
0.4, 269.483,  -1065.57, 1979.03, 4523.37
0.4, 269.483,  -1065.57, 1979.03, 4523.37
0.4, 269.483,  -1065.57, 1979.03, 4523.37
0.4, 269.483,  -1065.57, 1979.03, 4523.37
0.4, 269.483,  -1065.57, 1979.03, 4523.37
0.4, 269.483,  -1065.57, 1979.03, 4523.37
0.41, 269.417,  -1048.67, 1968.63, 4512.96
0.41, 269.417,  -1048.67, 1968.63, 4512.96
0.41, 269.417,  -1048.67, 1968.63, 4512.96
0.41, 269.417,  -1048.67, 1968.63, 4512.96
0.41, 269.417,  -1048.67, 1968.63, 4512.96
0.41, 269.417,  -1048.67, 1968.63, 4512.96
0.41, 269.417,  -1048.67, 1968.63, 4512.96
0.41, 269.417,  -1048.67, 1968.63, 4512.96
0.41, 269.417,  -1048.67, 1968.63, 4512.96
0.41, 269.417,  -1048.67, 1968.63, 4512.96
0.41, 269.417,  -1048.67, 1968.63, 4512.96
0.41, 269.417,  -1048.67, 1968.63, 4512.96
0.41, 269.417,  -1048.67, 1968.63, 4512.96
0.41, 269.417,  -1048.67, 1968.63, 4512.96
0.41, 269.417,  -1048.67, 1968.63, 4512.96
0.41, 269.417,  -1048.67, 1968.63, 4512.96
0.41, 269.417,  -1048.67, 1968.63, 4512.96
0.41, 269.417,  -1048.67, 1968.63, 4512.96
0.41, 269.417,  -1048.67, 1968.63, 4512.96
0.41, 269.417,  -1048.67, 1968.63, 4512.96
0.41, 269.417,  -1048.67, 1968.63, 4512.96
0.41, 269.417,  -1048.67, 1968.63, 4512.96
0.42, 269.35,  -1031.54, 1958.4, 4502.73
0.42, 269.35,  -1031.54, 1958.4, 4502.73
0.42, 269.35,  -1031.54, 1958.4, 4502.73
0.42, 269.35,  -1031.54, 1958.4, 4502.73
0.42, 269.35,  -1031.54, 1958.4, 4502.73
0.42, 269.35,  -1031.54, 1958.4, 4502.73
0.42, 269.35,  -1031.54, 1958.4, 4502.73
0.42, 269.35,  -1031.54, 1958.4, 4502.73
0.42, 269.35,  -1031.54, 1958.4, 4502.73
0.42, 269.35,  -1031.54, 1958.4, 4502.73
0.42, 269.35,  -1031.54, 1958.4, 4502.73
0.42, 269.35,  -1031.54, 1958.4, 4502.73
0.42, 269.35,  -1031.54, 1958.4, 4502.73
0.42, 269.35,  -1031.54, 1958.4, 4502.73
0.42, 269.35,  -1031.54, 1958.4, 4502.73
0.42, 269.35,  -1031.54, 1958.4, 4502.73
0.42, 269.35,  -1031.54, 1958.4, 4502.73
0.42, 269.35,  -1031.54, 1958.4, 4502.73
0.42, 269.35,  -1031.54, 1958.4, 4502.73
0.42, 269.35,  -1031.54, 1958.4, 4502.73
0.42, 269.35,  -1031.54, 1958.4, 4502.73
0.42, 269.35,  -1031.54, 1958.4, 4502.73
0.43, 269.283,  -1014.23, 1948.34, 4492.68
0.43, 269.283,  -1014.23, 1948.34, 4492.68
0.43, 269.283,  -1014.23, 1948.34, 4492.68
0.43, 269.283,  -1014.23, 1948.34, 4492.68
0.43, 269.283,  -1014.23, 1948.34, 4492.68
0.43, 269.283,  -1014.23, 1948.34, 4492.68
0.43, 269.283,  -1014.23, 1948.34, 4492.68
0.43, 269.283,  -1014.23, 1948.34, 4492.68
0.43, 269.283,  -1014.23, 1948.34, 4492.68
0.43, 269.283,  -1014.23, 1948.34, 4492.68
0.43, 269.283,  -1014.23, 1948.34, 4492.68
0.43, 269.283,  -1014.23, 1948.34, 4492.68
0.43, 269.283,  -1014.23, 1948.34, 4492.68
0.43, 269.283,  -1014.23, 1948.34, 4492.68
0.43, 269.283,  -1014.23, 1948.34, 4492.68
0.43, 269.283,  -1014.23, 1948.34, 4492.68
0.43, 269.283,  -1014.23, 1948.34, 4492.68
0.43, 269.283,  -1014.23, 1948.34, 4492.68
0.43, 269.283,  -1014.23, 1948.34, 4492.68
0.43, 269.283,  -1014.23, 1948.34, 4492.68
0.43, 269.283,  -1014.23, 1948.34, 4492.68
0.43, 269.283,  -1014.23, 1948.34, 4492.68
0.44, 269.217,  -996.771, 1938.46, 4482.8
0.44, 269.217,  -996.771, 1938.46, 4482.8
0.44, 269.217,  -996.771, 1938.46, 4482.8
0.44, 269.217,  -996.771, 1938.46, 4482.8
0.44, 269.217,  -996.771, 1938.46, 4482.8
0.44, 269.217,  -996.771, 1938.46, 4482.8
0.44, 269.217,  -996.771, 1938.46, 4482.8
0.44, 269.217,  -996.771, 1938.46, 4482.8
0.44, 269.217,  -996.771, 1938.46, 4482.8
0.44, 269.217,  -996.771, 1938.46, 4482.8
0.44, 269.217,  -996.771, 1938.46, 4482.8
0.44, 269.217,  -996.771, 1938.46, 4482.8
0.44, 269.217,  -996.771, 1938.46, 4482.8
0.44, 269.217,  -996.771, 1938.46, 4482.8
0.44, 269.217,  -996.771, 1938.46, 4482.8
0.44, 269.217,  -996.771, 1938.46, 4482.8
0.44, 269.217,  -996.771, 1938.46, 4482.8
0.44, 269.217,  -996.771, 1938.46, 4482.8
0.44, 269.217,  -996.771, 1938.46, 4482.8
0.44, 269.217,  -996.771, 1938.46, 4482.8
0.44, 269.217,  -996.771, 1938.46, 4482.8
0.44, 269.217,  -996.771, 1938.46, 4482.8
0.45, 269.15,  -979.195, 1928.76, 4473.09
0.45, 269.15,  -979.195, 1928.76, 4473.09
0.45, 269.15,  -979.195, 1928.76, 4473.09
0.45, 269.15,  -979.195, 1928.76, 4473.09
0.45, 269.15,  -979.195, 1928.76, 4473.09
0.45, 269.15,  -979.195, 1928.76, 4473.09
0.45, 269.15,  -979.195, 1928.76, 4473.09
0.45, 269.15,  -979.195, 1928.76, 4473.09
0.45, 269.15,  -979.195, 1928.76, 4473.09
0.45, 269.15,  -979.195, 1928.76, 4473.09
0.45, 269.15,  -979.195, 1928.76, 4473.09
0.45, 269.15,  -979.195, 1928.76, 4473.09
0.45, 269.15,  -979.195, 1928.76, 4473.09
0.45, 269.15,  -979.195, 1928.76, 4473.09
0.45, 269.15,  -979.195, 1928.76, 4473.09
0.45, 269.15,  -979.195, 1928.76, 4473.09
0.45, 269.15,  -979.195, 1928.76, 4473.09
0.45, 269.15,  -979.195, 1928.76, 4473.09
0.45, 269.15,  -979.195, 1928.76, 4473.09
0.45, 269.15,  -979.195, 1928.76, 4473.09
0.45, 269.15,  -979.195, 1928.76, 4473.09
0.45, 269.15,  -979.195, 1928.76, 4473.09
0.46, 269.083,  -961.538, 1919.23, 4463.57
0.46, 269.083,  -961.538, 1919.23, 4463.57
0.46, 269.083,  -961.538, 1919.23, 4463.57
0.46, 269.083,  -961.538, 1919.23, 4463.57
0.46, 269.083,  -961.538, 1919.23, 4463.57
0.46, 269.083,  -961.538, 1919.23, 4463.57
0.46, 269.083,  -961.538, 1919.23, 4463.57
0.46, 269.083,  -961.538, 1919.23, 4463.57
0.46, 269.083,  -961.538, 1919.23, 4463.57
0.46, 269.083,  -961.538, 1919.23, 4463.57
0.46, 269.083,  -961.538, 1919.23, 4463.57
0.46, 269.083,  -961.538, 1919.23, 4463.57
0.46, 269.083,  -961.538, 1919.23, 4463.57
0.46, 269.083,  -961.538, 1919.23, 4463.57
0.46, 269.083,  -961.538, 1919.23, 4463.57
0.46, 269.083,  -961.538, 1919.23, 4463.57
0.46, 269.083,  -961.538, 1919.23, 4463.57
0.46, 269.083,  -961.538, 1919.23, 4463.57
0.46, 269.083,  -961.538, 1919.23, 4463.57
0.46, 269.083,  -961.538, 1919.23, 4463.57
0.46, 269.083,  -961.538, 1919.23, 4463.57
0.46, 269.083,  -961.538, 1919.23, 4463.57
0.47, 269.017,  -943.827, 1909.88, 4454.22
0.47, 269.017,  -943.827, 1909.88, 4454.22
0.47, 269.017,  -943.827, 1909.88, 4454.22
0.47, 269.017,  -943.827, 1909.88, 4454.22
0.47, 269.017,  -943.827, 1909.88, 4454.22
0.47, 269.017,  -943.827, 1909.88, 4454.22
0.47, 269.017,  -943.827, 1909.88, 4454.22
0.47, 269.017,  -943.827, 1909.88, 4454.22
0.47, 269.017,  -943.827, 1909.88, 4454.22
0.47, 269.017,  -943.827, 1909.88, 4454.22
0.47, 269.017,  -943.827, 1909.88, 4454.22
0.47, 269.017,  -943.827, 1909.88, 4454.22
0.47, 269.017,  -943.827, 1909.88, 4454.22
0.47, 269.017,  -943.827, 1909.88, 4454.22
0.47, 269.017,  -943.827, 1909.88, 4454.22
0.47, 269.017,  -943.827, 1909.88, 4454.22
0.47, 269.017,  -943.827, 1909.88, 4454.22
0.47, 269.017,  -943.827, 1909.88, 4454.22
0.47, 269.017,  -943.827, 1909.88, 4454.22
0.47, 269.017,  -943.827, 1909.88, 4454.22
0.47, 269.017,  -943.827, 1909.88, 4454.22
0.47, 269.017,  -943.827, 1909.88, 4454.22
0.48, 268.95,  -926.092, 1900.71, 4445.05
0.48, 268.95,  -926.092, 1900.71, 4445.05
0.48, 268.95,  -926.092, 1900.71, 4445.05
0.48, 268.95,  -926.092, 1900.71, 4445.05
0.48, 268.95,  -926.092, 1900.71, 4445.05
0.48, 268.95,  -926.092, 1900.71, 4445.05
0.48, 268.95,  -926.092, 1900.71, 4445.05
0.48, 268.95,  -926.092, 1900.71, 4445.05
0.48, 268.95,  -926.092, 1900.71, 4445.05
0.48, 268.95,  -926.092, 1900.71, 4445.05
0.48, 268.95,  -926.092, 1900.71, 4445.05
0.48, 268.95,  -926.092, 1900.71, 4445.05
0.48, 268.95,  -926.092, 1900.71, 4445.05
0.48, 268.95,  -926.092, 1900.71, 4445.05
0.48, 268.95,  -926.092, 1900.71, 4445.05
0.48, 268.95,  -926.092, 1900.71, 4445.05
0.48, 268.95,  -926.092, 1900.71, 4445.05
0.48, 268.95,  -926.092, 1900.71, 4445.05
0.48, 268.95,  -926.092, 1900.71, 4445.05
0.48, 268.95,  -926.092, 1900.71, 4445.05
0.48, 268.95,  -926.092, 1900.71, 4445.05
0.48, 268.95,  -926.092, 1900.71, 4445.05
0.49, 268.883,  -908.357, 1891.71, 4436.05
0.49, 268.883,  -908.357, 1891.71, 4436.05
0.49, 268.883,  -908.357, 1891.71, 4436.05
0.49, 268.883,  -908.357, 1891.71, 4436.05
0.49, 268.883,  -908.357, 1891.71, 4436.05
0.49, 268.883,  -908.357, 1891.71, 4436.05
0.49, 268.883,  -908.357, 1891.71, 4436.05
0.49, 268.883,  -908.357, 1891.71, 4436.05
0.49, 268.883,  -908.357, 1891.71, 4436.05
0.49, 268.883,  -908.357, 1891.71, 4436.05
0.49, 268.883,  -908.357, 1891.71, 4436.05
0.49, 268.883,  -908.357, 1891.71, 4436.05
0.49, 268.883,  -908.357, 1891.71, 4436.05
0.49, 268.883,  -908.357, 1891.71, 4436.05
0.49, 268.883,  -908.357, 1891.71, 4436.05
0.49, 268.883,  -908.357, 1891.71, 4436.05
0.49, 268.883,  -908.357, 1891.71, 4436.05
0.49, 268.883,  -908.357, 1891.71, 4436.05
0.49, 268.883,  -908.357, 1891.71, 4436.05
0.49, 268.883,  -908.357, 1891.71, 4436.05
0.49, 268.883,  -908.357, 1891.71, 4436.05
0.49, 268.883,  -908.357, 1891.71, 4436.05
0.5, 268.817,  -890.648, 1882.89, 4427.23
0.5, 268.817,  -890.648, 1882.89, 4427.23
0.5, 268.817,  -890.648, 1882.89, 4427.23
0.5, 268.817,  -890.648, 1882.89, 4427.23
0.5, 268.817,  -890.648, 1882.89, 4427.23
0.5, 268.817,  -890.648, 1882.89, 4427.23
0.5, 268.817,  -890.648, 1882.89, 4427.23
0.5, 268.817,  -890.648, 1882.89, 4427.23
0.5, 268.817,  -890.648, 1882.89, 4427.23
0.5, 268.817,  -890.648, 1882.89, 4427.23
0.5, 268.817,  -890.648, 1882.89, 4427.23
0.5, 268.817,  -890.648, 1882.89, 4427.23
0.5, 268.817,  -890.648, 1882.89, 4427.23
0.5, 268.817,  -890.648, 1882.89, 4427.23
0.5, 268.817,  -890.648, 1882.89, 4427.23
0.5, 268.817,  -890.648, 1882.89, 4427.23
0.5, 268.817,  -890.648, 1882.89, 4427.23
0.5, 268.817,  -890.648, 1882.89, 4427.23
0.5, 268.817,  -890.648, 1882.89, 4427.23
0.5, 268.817,  -890.648, 1882.89, 4427.23
0.5, 268.817,  -890.648, 1882.89, 4427.23
0.5, 268.817,  -890.648, 1882.89, 4427.23
0.51, 268.75,  -872.986, 1874.25, 4418.59
0.51, 268.75,  -872.986, 1874.25, 4418.59
0.51, 268.75,  -872.986, 1874.25, 4418.59
0.51, 268.75,  -872.986, 1874.25, 4418.59
0.51, 268.75,  -872.986, 1874.25, 4418.59
0.51, 268.75,  -872.986, 1874.25, 4418.59
0.51, 268.75,  -872.986, 1874.25, 4418.59
0.51, 268.75,  -872.986, 1874.25, 4418.59
0.51, 268.75,  -872.986, 1874.25, 4418.59
0.51, 268.75,  -872.986, 1874.25, 4418.59
0.51, 268.75,  -872.986, 1874.25, 4418.59
0.51, 268.75,  -872.986, 1874.25, 4418.59
0.51, 268.75,  -872.986, 1874.25, 4418.59
0.51, 268.75,  -872.986, 1874.25, 4418.59
0.51, 268.75,  -872.986, 1874.25, 4418.59
0.51, 268.75,  -872.986, 1874.25, 4418.59
0.51, 268.75,  -872.986, 1874.25, 4418.59
0.51, 268.75,  -872.986, 1874.25, 4418.59
0.51, 268.75,  -872.986, 1874.25, 4418.59
0.51, 268.75,  -872.986, 1874.25, 4418.59
0.51, 268.75,  -872.986, 1874.25, 4418.59
0.51, 268.75,  -872.986, 1874.25, 4418.59
0.52, 268.683,  -855.392, 1865.79, 4410.13
0.52, 268.683,  -855.392, 1865.79, 4410.13
0.52, 268.683,  -855.392, 1865.79, 4410.13
0.52, 268.683,  -855.392, 1865.79, 4410.13
0.52, 268.683,  -855.392, 1865.79, 4410.13
0.52, 268.683,  -855.392, 1865.79, 4410.13
0.52, 268.683,  -855.392, 1865.79, 4410.13
0.52, 268.683,  -855.392, 1865.79, 4410.13
0.52, 268.683,  -855.392, 1865.79, 4410.13
0.52, 268.683,  -855.392, 1865.79, 4410.13
0.52, 268.683,  -855.392, 1865.79, 4410.13
0.52, 268.683,  -855.392, 1865.79, 4410.13
0.52, 268.683,  -855.392, 1865.79, 4410.13
0.52, 268.683,  -855.392, 1865.79, 4410.13
0.52, 268.683,  -855.392, 1865.79, 4410.13
0.52, 268.683,  -855.392, 1865.79, 4410.13
0.52, 268.683,  -855.392, 1865.79, 4410.13
0.52, 268.683,  -855.392, 1865.79, 4410.13
0.52, 268.683,  -855.392, 1865.79, 4410.13
0.52, 268.683,  -855.392, 1865.79, 4410.13
0.52, 268.683,  -855.392, 1865.79, 4410.13
0.52, 268.683,  -855.392, 1865.79, 4410.13
0.53, 268.617,  -837.885, 1857.49, 4401.83
0.53, 268.617,  -837.885, 1857.49, 4401.83
0.53, 268.617,  -837.885, 1857.49, 4401.83
0.53, 268.617,  -837.885, 1857.49, 4401.83
0.53, 268.617,  -837.885, 1857.49, 4401.83
0.53, 268.617,  -837.885, 1857.49, 4401.83
0.53, 268.617,  -837.885, 1857.49, 4401.83
0.53, 268.617,  -837.885, 1857.49, 4401.83
0.53, 268.617,  -837.885, 1857.49, 4401.83
0.53, 268.617,  -837.885, 1857.49, 4401.83
0.53, 268.617,  -837.885, 1857.49, 4401.83
0.53, 268.617,  -837.885, 1857.49, 4401.83
0.53, 268.617,  -837.885, 1857.49, 4401.83
0.53, 268.617,  -837.885, 1857.49, 4401.83
0.53, 268.617,  -837.885, 1857.49, 4401.83
0.53, 268.617,  -837.885, 1857.49, 4401.83
0.53, 268.617,  -837.885, 1857.49, 4401.83
0.53, 268.617,  -837.885, 1857.49, 4401.83
0.53, 268.617,  -837.885, 1857.49, 4401.83
0.53, 268.617,  -837.885, 1857.49, 4401.83
0.53, 268.617,  -837.885, 1857.49, 4401.83
0.53, 268.617,  -837.885, 1857.49, 4401.83
0.54, 268.55,  -820.482, 1849.38, 4393.72
0.54, 268.55,  -820.482, 1849.38, 4393.72
0.54, 268.55,  -820.482, 1849.38, 4393.72
0.54, 268.55,  -820.482, 1849.38, 4393.72
0.54, 268.55,  -820.482, 1849.38, 4393.72
0.54, 268.55,  -820.482, 1849.38, 4393.72
0.54, 268.55,  -820.482, 1849.38, 4393.72
0.54, 268.55,  -820.482, 1849.38, 4393.72
0.54, 268.55,  -820.482, 1849.38, 4393.72
0.54, 268.55,  -820.482, 1849.38, 4393.72
0.54, 268.55,  -820.482, 1849.38, 4393.72
0.54, 268.55,  -820.482, 1849.38, 4393.72
0.54, 268.55,  -820.482, 1849.38, 4393.72
0.54, 268.55,  -820.482, 1849.38, 4393.72
0.54, 268.55,  -820.482, 1849.38, 4393.72
0.54, 268.55,  -820.482, 1849.38, 4393.72
0.54, 268.55,  -820.482, 1849.38, 4393.72
0.54, 268.55,  -820.482, 1849.38, 4393.72
0.54, 268.55,  -820.482, 1849.38, 4393.72
0.54, 268.55,  -820.482, 1849.38, 4393.72
0.54, 268.55,  -820.482, 1849.38, 4393.72
0.54, 268.55,  -820.482, 1849.38, 4393.72
0.55, 268.483,  -803.201, 1841.43, 4385.77
0.55, 268.483,  -803.201, 1841.43, 4385.77
0.55, 268.483,  -803.201, 1841.43, 4385.77
0.55, 268.483,  -803.201, 1841.43, 4385.77
0.55, 268.483,  -803.201, 1841.43, 4385.77
0.55, 268.483,  -803.201, 1841.43, 4385.77
0.55, 268.483,  -803.201, 1841.43, 4385.77
0.55, 268.483,  -803.201, 1841.43, 4385.77
0.55, 268.483,  -803.201, 1841.43, 4385.77
0.55, 268.483,  -803.201, 1841.43, 4385.77
0.55, 268.483,  -803.201, 1841.43, 4385.77
0.55, 268.483,  -803.201, 1841.43, 4385.77
0.55, 268.483,  -803.201, 1841.43, 4385.77
0.55, 268.483,  -803.201, 1841.43, 4385.77
0.55, 268.483,  -803.201, 1841.43, 4385.77
0.55, 268.483,  -803.201, 1841.43, 4385.77
0.55, 268.483,  -803.201, 1841.43, 4385.77
0.55, 268.483,  -803.201, 1841.43, 4385.77
0.55, 268.483,  -803.201, 1841.43, 4385.77
0.55, 268.483,  -803.201, 1841.43, 4385.77
0.55, 268.483,  -803.201, 1841.43, 4385.77
0.55, 268.483,  -803.201, 1841.43, 4385.77
0.56, 268.417,  -786.055, 1833.66, 4378
0.56, 268.417,  -786.055, 1833.66, 4378
0.56, 268.417,  -786.055, 1833.66, 4378
0.56, 268.417,  -786.055, 1833.66, 4378
0.56, 268.417,  -786.055, 1833.66, 4378
0.56, 268.417,  -786.055, 1833.66, 4378
0.56, 268.417,  -786.055, 1833.66, 4378
0.56, 268.417,  -786.055, 1833.66, 4378
0.56, 268.417,  -786.055, 1833.66, 4378
0.56, 268.417,  -786.055, 1833.66, 4378
0.56, 268.417,  -786.055, 1833.66, 4378
0.56, 268.417,  -786.055, 1833.66, 4378
0.56, 268.417,  -786.055, 1833.66, 4378
0.56, 268.417,  -786.055, 1833.66, 4378
0.56, 268.417,  -786.055, 1833.66, 4378
0.56, 268.417,  -786.055, 1833.66, 4378
0.56, 268.417,  -786.055, 1833.66, 4378
0.56, 268.417,  -786.055, 1833.66, 4378
0.56, 268.417,  -786.055, 1833.66, 4378
0.56, 268.417,  -786.055, 1833.66, 4378
0.56, 268.417,  -786.055, 1833.66, 4378
0.56, 268.417,  -786.055, 1833.66, 4378
0.57, 268.35,  -769.058, 1826.05, 4370.39
0.57, 268.35,  -769.058, 1826.05, 4370.39
0.57, 268.35,  -769.058, 1826.05, 4370.39
0.57, 268.35,  -769.058, 1826.05, 4370.39
0.57, 268.35,  -769.058, 1826.05, 4370.39
0.57, 268.35,  -769.058, 1826.05, 4370.39
0.57, 268.35,  -769.058, 1826.05, 4370.39
0.57, 268.35,  -769.058, 1826.05, 4370.39
0.57, 268.35,  -769.058, 1826.05, 4370.39
0.57, 268.35,  -769.058, 1826.05, 4370.39
0.57, 268.35,  -769.058, 1826.05, 4370.39
0.57, 268.35,  -769.058, 1826.05, 4370.39
0.57, 268.35,  -769.058, 1826.05, 4370.39
0.57, 268.35,  -769.058, 1826.05, 4370.39
0.57, 268.35,  -769.058, 1826.05, 4370.39
0.57, 268.35,  -769.058, 1826.05, 4370.39
0.57, 268.35,  -769.058, 1826.05, 4370.39
0.57, 268.35,  -769.058, 1826.05, 4370.39
0.57, 268.35,  -769.058, 1826.05, 4370.39
0.57, 268.35,  -769.058, 1826.05, 4370.39
0.57, 268.35,  -769.058, 1826.05, 4370.39
0.57, 268.35,  -769.058, 1826.05, 4370.39
0.58, 268.283,  -752.223, 1818.61, 4362.95
0.58, 268.283,  -752.223, 1818.61, 4362.95
0.58, 268.283,  -752.223, 1818.61, 4362.95
0.58, 268.283,  -752.223, 1818.61, 4362.95
0.58, 268.283,  -752.223, 1818.61, 4362.95
0.58, 268.283,  -752.223, 1818.61, 4362.95
0.58, 268.283,  -752.223, 1818.61, 4362.95
0.58, 268.283,  -752.223, 1818.61, 4362.95
0.58, 268.283,  -752.223, 1818.61, 4362.95
0.58, 268.283,  -752.223, 1818.61, 4362.95
0.58, 268.283,  -752.223, 1818.61, 4362.95
0.58, 268.283,  -752.223, 1818.61, 4362.95
0.58, 268.283,  -752.223, 1818.61, 4362.95
0.58, 268.283,  -752.223, 1818.61, 4362.95
0.58, 268.283,  -752.223, 1818.61, 4362.95
0.58, 268.283,  -752.223, 1818.61, 4362.95
0.58, 268.283,  -752.223, 1818.61, 4362.95
0.58, 268.283,  -752.223, 1818.61, 4362.95
0.58, 268.283,  -752.223, 1818.61, 4362.95
0.58, 268.283,  -752.223, 1818.61, 4362.95
0.58, 268.283,  -752.223, 1818.61, 4362.95
0.58, 268.283,  -752.223, 1818.61, 4362.95
0.59, 268.217,  -735.562, 1811.34, 4355.68
0.59, 268.217,  -735.562, 1811.34, 4355.68
0.59, 268.217,  -735.562, 1811.34, 4355.68
0.59, 268.217,  -735.562, 1811.34, 4355.68
0.59, 268.217,  -735.562, 1811.34, 4355.68
0.59, 268.217,  -735.562, 1811.34, 4355.68
0.59, 268.217,  -735.562, 1811.34, 4355.68
0.59, 268.217,  -735.562, 1811.34, 4355.68
0.59, 268.217,  -735.562, 1811.34, 4355.68
0.59, 268.217,  -735.562, 1811.34, 4355.68
0.59, 268.217,  -735.562, 1811.34, 4355.68
0.59, 268.217,  -735.562, 1811.34, 4355.68
0.59, 268.217,  -735.562, 1811.34, 4355.68
0.59, 268.217,  -735.562, 1811.34, 4355.68
0.59, 268.217,  -735.562, 1811.34, 4355.68
0.59, 268.217,  -735.562, 1811.34, 4355.68
0.59, 268.217,  -735.562, 1811.34, 4355.68
0.59, 268.217,  -735.562, 1811.34, 4355.68
0.59, 268.217,  -735.562, 1811.34, 4355.68
0.59, 268.217,  -735.562, 1811.34, 4355.68
0.59, 268.217,  -735.562, 1811.34, 4355.68
0.59, 268.217,  -735.562, 1811.34, 4355.68
0.6, 268.15,  -719.084, 1804.23, 4348.57
0.6, 268.15,  -719.084, 1804.23, 4348.57
0.6, 268.15,  -719.084, 1804.23, 4348.57
0.6, 268.15,  -719.084, 1804.23, 4348.57
0.6, 268.15,  -719.084, 1804.23, 4348.57
0.6, 268.15,  -719.084, 1804.23, 4348.57
0.6, 268.15,  -719.084, 1804.23, 4348.57
0.6, 268.15,  -719.084, 1804.23, 4348.57
0.6, 268.15,  -719.084, 1804.23, 4348.57
0.6, 268.15,  -719.084, 1804.23, 4348.57
0.6, 268.15,  -719.084, 1804.23, 4348.57
0.6, 268.15,  -719.084, 1804.23, 4348.57
0.6, 268.15,  -719.084, 1804.23, 4348.57
0.6, 268.15,  -719.084, 1804.23, 4348.57
0.6, 268.15,  -719.084, 1804.23, 4348.57
0.6, 268.15,  -719.084, 1804.23, 4348.57
0.6, 268.15,  -719.084, 1804.23, 4348.57
0.6, 268.15,  -719.084, 1804.23, 4348.57
0.6, 268.15,  -719.084, 1804.23, 4348.57
0.6, 268.15,  -719.084, 1804.23, 4348.57
0.6, 268.15,  -719.084, 1804.23, 4348.57
0.6, 268.15,  -719.084, 1804.23, 4348.57
0.61, 268.083,  -702.799, 1797.29, 4341.62
0.61, 268.083,  -702.799, 1797.29, 4341.62
0.61, 268.083,  -702.799, 1797.29, 4341.62
0.61, 268.083,  -702.799, 1797.29, 4341.62
0.61, 268.083,  -702.799, 1797.29, 4341.62
0.61, 268.083,  -702.799, 1797.29, 4341.62
0.61, 268.083,  -702.799, 1797.29, 4341.62
0.61, 268.083,  -702.799, 1797.29, 4341.62
0.61, 268.083,  -702.799, 1797.29, 4341.62
0.61, 268.083,  -702.799, 1797.29, 4341.62
0.61, 268.083,  -702.799, 1797.29, 4341.62
0.61, 268.083,  -702.799, 1797.29, 4341.62
0.61, 268.083,  -702.799, 1797.29, 4341.62
0.61, 268.083,  -702.799, 1797.29, 4341.62
0.61, 268.083,  -702.799, 1797.29, 4341.62
0.61, 268.083,  -702.799, 1797.29, 4341.62
0.61, 268.083,  -702.799, 1797.29, 4341.62
0.61, 268.083,  -702.799, 1797.29, 4341.62
0.61, 268.083,  -702.799, 1797.29, 4341.62
0.61, 268.083,  -702.799, 1797.29, 4341.62
0.61, 268.083,  -702.799, 1797.29, 4341.62
0.61, 268.083,  -702.799, 1797.29, 4341.62
0.62, 268.017,  -686.716, 1790.5, 4334.84
0.62, 268.017,  -686.716, 1790.5, 4334.84
0.62, 268.017,  -686.716, 1790.5, 4334.84
0.62, 268.017,  -686.716, 1790.5, 4334.84
0.62, 268.017,  -686.716, 1790.5, 4334.84
0.62, 268.017,  -686.716, 1790.5, 4334.84
0.62, 268.017,  -686.716, 1790.5, 4334.84
0.62, 268.017,  -686.716, 1790.5, 4334.84
0.62, 268.017,  -686.716, 1790.5, 4334.84
0.62, 268.017,  -686.716, 1790.5, 4334.84
0.62, 268.017,  -686.716, 1790.5, 4334.84
0.62, 268.017,  -686.716, 1790.5, 4334.84
0.62, 268.017,  -686.716, 1790.5, 4334.84
0.62, 268.017,  -686.716, 1790.5, 4334.84
0.62, 268.017,  -686.716, 1790.5, 4334.84
0.62, 268.017,  -686.716, 1790.5, 4334.84
0.62, 268.017,  -686.716, 1790.5, 4334.84
0.62, 268.017,  -686.716, 1790.5, 4334.84
0.62, 268.017,  -686.716, 1790.5, 4334.84
0.62, 268.017,  -686.716, 1790.5, 4334.84
0.62, 268.017,  -686.716, 1790.5, 4334.84
0.62, 268.017,  -686.716, 1790.5, 4334.84
0.63, 267.95,  -670.841, 1783.87, 4328.21
0.63, 267.95,  -670.841, 1783.87, 4328.21
0.63, 267.95,  -670.841, 1783.87, 4328.21
0.63, 267.95,  -670.841, 1783.87, 4328.21
0.63, 267.95,  -670.841, 1783.87, 4328.21
0.63, 267.95,  -670.841, 1783.87, 4328.21
0.63, 267.95,  -670.841, 1783.87, 4328.21
0.63, 267.95,  -670.841, 1783.87, 4328.21
0.63, 267.95,  -670.841, 1783.87, 4328.21
0.63, 267.95,  -670.841, 1783.87, 4328.21
0.63, 267.95,  -670.841, 1783.87, 4328.21
0.63, 267.95,  -670.841, 1783.87, 4328.21
0.63, 267.95,  -670.841, 1783.87, 4328.21
0.63, 267.95,  -670.841, 1783.87, 4328.21
0.63, 267.95,  -670.841, 1783.87, 4328.21
0.63, 267.95,  -670.841, 1783.87, 4328.21
0.63, 267.95,  -670.841, 1783.87, 4328.21
0.63, 267.95,  -670.841, 1783.87, 4328.21
0.63, 267.95,  -670.841, 1783.87, 4328.21
0.63, 267.95,  -670.841, 1783.87, 4328.21
0.63, 267.95,  -670.841, 1783.87, 4328.21
0.63, 267.95,  -670.841, 1783.87, 4328.21
0.64, 267.883,  -655.182, 1777.4, 4321.74
0.64, 267.883,  -655.182, 1777.4, 4321.74
0.64, 267.883,  -655.182, 1777.4, 4321.74
0.64, 267.883,  -655.182, 1777.4, 4321.74
0.64, 267.883,  -655.182, 1777.4, 4321.74
0.64, 267.883,  -655.182, 1777.4, 4321.74
0.64, 267.883,  -655.182, 1777.4, 4321.74
0.64, 267.883,  -655.182, 1777.4, 4321.74
0.64, 267.883,  -655.182, 1777.4, 4321.74
0.64, 267.883,  -655.182, 1777.4, 4321.74
0.64, 267.883,  -655.182, 1777.4, 4321.74
0.64, 267.883,  -655.182, 1777.4, 4321.74
0.64, 267.883,  -655.182, 1777.4, 4321.74
0.64, 267.883,  -655.182, 1777.4, 4321.74
0.64, 267.883,  -655.182, 1777.4, 4321.74
0.64, 267.883,  -655.182, 1777.4, 4321.74
0.64, 267.883,  -655.182, 1777.4, 4321.74
0.64, 267.883,  -655.182, 1777.4, 4321.74
0.64, 267.883,  -655.182, 1777.4, 4321.74
0.64, 267.883,  -655.182, 1777.4, 4321.74
0.64, 267.883,  -655.182, 1777.4, 4321.74
0.64, 267.883,  -655.182, 1777.4, 4321.74
0.65, 267.817,  -639.745, 1771.08, 4315.42
0.65, 267.817,  -639.745, 1771.08, 4315.42
0.65, 267.817,  -639.745, 1771.08, 4315.42
0.65, 267.817,  -639.745, 1771.08, 4315.42
0.65, 267.817,  -639.745, 1771.08, 4315.42
0.65, 267.817,  -639.745, 1771.08, 4315.42
0.65, 267.817,  -639.745, 1771.08, 4315.42
0.65, 267.817,  -639.745, 1771.08, 4315.42
0.65, 267.817,  -639.745, 1771.08, 4315.42
0.65, 267.817,  -639.745, 1771.08, 4315.42
0.65, 267.817,  -639.745, 1771.08, 4315.42
0.65, 267.817,  -639.745, 1771.08, 4315.42
0.65, 267.817,  -639.745, 1771.08, 4315.42
0.65, 267.817,  -639.745, 1771.08, 4315.42
0.65, 267.817,  -639.745, 1771.08, 4315.42
0.65, 267.817,  -639.745, 1771.08, 4315.42
0.65, 267.817,  -639.745, 1771.08, 4315.42
0.65, 267.817,  -639.745, 1771.08, 4315.42
0.65, 267.817,  -639.745, 1771.08, 4315.42
0.65, 267.817,  -639.745, 1771.08, 4315.42
0.65, 267.817,  -639.745, 1771.08, 4315.42
0.65, 267.817,  -639.745, 1771.08, 4315.42
0.66, 267.75,  -624.534, 1764.91, 4309.25
0.66, 267.75,  -624.534, 1764.91, 4309.25
0.66, 267.75,  -624.534, 1764.91, 4309.25
0.66, 267.75,  -624.534, 1764.91, 4309.25
0.66, 267.75,  -624.534, 1764.91, 4309.25
0.66, 267.75,  -624.534, 1764.91, 4309.25
0.66, 267.75,  -624.534, 1764.91, 4309.25
0.66, 267.75,  -624.534, 1764.91, 4309.25
0.66, 267.75,  -624.534, 1764.91, 4309.25
0.66, 267.75,  -624.534, 1764.91, 4309.25
0.66, 267.75,  -624.534, 1764.91, 4309.25
0.66, 267.75,  -624.534, 1764.91, 4309.25
0.66, 267.75,  -624.534, 1764.91, 4309.25
0.66, 267.75,  -624.534, 1764.91, 4309.25
0.66, 267.75,  -624.534, 1764.91, 4309.25
0.66, 267.75,  -624.534, 1764.91, 4309.25
0.66, 267.75,  -624.534, 1764.91, 4309.25
0.66, 267.75,  -624.534, 1764.91, 4309.25
0.66, 267.75,  -624.534, 1764.91, 4309.25
0.66, 267.75,  -624.534, 1764.91, 4309.25
0.66, 267.75,  -624.534, 1764.91, 4309.25
0.66, 267.75,  -624.534, 1764.91, 4309.25
0.67, 267.683,  -609.555, 1758.89, 4303.23
0.67, 267.683,  -609.555, 1758.89, 4303.23
0.67, 267.683,  -609.555, 1758.89, 4303.23
0.67, 267.683,  -609.555, 1758.89, 4303.23
0.67, 267.683,  -609.555, 1758.89, 4303.23
0.67, 267.683,  -609.555, 1758.89, 4303.23
0.67, 267.683,  -609.555, 1758.89, 4303.23
0.67, 267.683,  -609.555, 1758.89, 4303.23
0.67, 267.683,  -609.555, 1758.89, 4303.23
0.67, 267.683,  -609.555, 1758.89, 4303.23
0.67, 267.683,  -609.555, 1758.89, 4303.23
0.67, 267.683,  -609.555, 1758.89, 4303.23
0.67, 267.683,  -609.555, 1758.89, 4303.23
0.67, 267.683,  -609.555, 1758.89, 4303.23
0.67, 267.683,  -609.555, 1758.89, 4303.23
0.67, 267.683,  -609.555, 1758.89, 4303.23
0.67, 267.683,  -609.555, 1758.89, 4303.23
0.67, 267.683,  -609.555, 1758.89, 4303.23
0.67, 267.683,  -609.555, 1758.89, 4303.23
0.67, 267.683,  -609.555, 1758.89, 4303.23
0.67, 267.683,  -609.555, 1758.89, 4303.23
0.67, 267.683,  -609.555, 1758.89, 4303.23
0.68, 267.617,  -594.811, 1753.01, 4297.35
0.68, 267.617,  -594.811, 1753.01, 4297.35
0.68, 267.617,  -594.811, 1753.01, 4297.35
0.68, 267.617,  -594.811, 1753.01, 4297.35
0.68, 267.617,  -594.811, 1753.01, 4297.35
0.68, 267.617,  -594.811, 1753.01, 4297.35
0.68, 267.617,  -594.811, 1753.01, 4297.35
0.68, 267.617,  -594.811, 1753.01, 4297.35
0.68, 267.617,  -594.811, 1753.01, 4297.35
0.68, 267.617,  -594.811, 1753.01, 4297.35
0.68, 267.617,  -594.811, 1753.01, 4297.35
0.68, 267.617,  -594.811, 1753.01, 4297.35
0.68, 267.617,  -594.811, 1753.01, 4297.35
0.68, 267.617,  -594.811, 1753.01, 4297.35
0.68, 267.617,  -594.811, 1753.01, 4297.35
0.68, 267.617,  -594.811, 1753.01, 4297.35
0.68, 267.617,  -594.811, 1753.01, 4297.35
0.68, 267.617,  -594.811, 1753.01, 4297.35
0.68, 267.617,  -594.811, 1753.01, 4297.35
0.68, 267.617,  -594.811, 1753.01, 4297.35
0.68, 267.617,  -594.811, 1753.01, 4297.35
0.68, 267.617,  -594.811, 1753.01, 4297.35
0.69, 267.55,  -580.306, 1747.28, 4291.62
0.69, 267.55,  -580.306, 1747.28, 4291.62
0.69, 267.55,  -580.306, 1747.28, 4291.62
0.69, 267.55,  -580.306, 1747.28, 4291.62
0.69, 267.55,  -580.306, 1747.28, 4291.62
0.69, 267.55,  -580.306, 1747.28, 4291.62
0.69, 267.55,  -580.306, 1747.28, 4291.62
0.69, 267.55,  -580.306, 1747.28, 4291.62
0.69, 267.55,  -580.306, 1747.28, 4291.62
0.69, 267.55,  -580.306, 1747.28, 4291.62
0.69, 267.55,  -580.306, 1747.28, 4291.62
0.69, 267.55,  -580.306, 1747.28, 4291.62
0.69, 267.55,  -580.306, 1747.28, 4291.62
0.69, 267.55,  -580.306, 1747.28, 4291.62
0.69, 267.55,  -580.306, 1747.28, 4291.62
0.69, 267.55,  -580.306, 1747.28, 4291.62
0.69, 267.55,  -580.306, 1747.28, 4291.62
0.69, 267.55,  -580.306, 1747.28, 4291.62
0.69, 267.55,  -580.306, 1747.28, 4291.62
0.69, 267.55,  -580.306, 1747.28, 4291.62
0.69, 267.55,  -580.306, 1747.28, 4291.62
0.69, 267.55,  -580.306, 1747.28, 4291.62
0.7, 267.483,  -566.043, 1741.69, 4286.03
0.7, 267.483,  -566.043, 1741.69, 4286.03
0.7, 267.483,  -566.043, 1741.69, 4286.03
0.7, 267.483,  -566.043, 1741.69, 4286.03
0.7, 267.483,  -566.043, 1741.69, 4286.03
0.7, 267.483,  -566.043, 1741.69, 4286.03
0.7, 267.483,  -566.043, 1741.69, 4286.03
0.7, 267.483,  -566.043, 1741.69, 4286.03
0.7, 267.483,  -566.043, 1741.69, 4286.03
0.7, 267.483,  -566.043, 1741.69, 4286.03
0.7, 267.483,  -566.043, 1741.69, 4286.03
0.7, 267.483,  -566.043, 1741.69, 4286.03
0.7, 267.483,  -566.043, 1741.69, 4286.03
0.7, 267.483,  -566.043, 1741.69, 4286.03
0.7, 267.483,  -566.043, 1741.69, 4286.03
0.7, 267.483,  -566.043, 1741.69, 4286.03
0.7, 267.483,  -566.043, 1741.69, 4286.03
0.7, 267.483,  -566.043, 1741.69, 4286.03
0.7, 267.483,  -566.043, 1741.69, 4286.03
0.7, 267.483,  -566.043, 1741.69, 4286.03
0.7, 267.483,  -566.043, 1741.69, 4286.03
0.7, 267.483,  -566.043, 1741.69, 4286.03
0.71, 267.417,  -552.023, 1736.24, 4280.58
0.71, 267.417,  -552.023, 1736.24, 4280.58
0.71, 267.417,  -552.023, 1736.24, 4280.58
0.71, 267.417,  -552.023, 1736.24, 4280.58
0.71, 267.417,  -552.023, 1736.24, 4280.58
0.71, 267.417,  -552.023, 1736.24, 4280.58
0.71, 267.417,  -552.023, 1736.24, 4280.58
0.71, 267.417,  -552.023, 1736.24, 4280.58
0.71, 267.417,  -552.023, 1736.24, 4280.58
0.71, 267.417,  -552.023, 1736.24, 4280.58
0.71, 267.417,  -552.023, 1736.24, 4280.58
0.71, 267.417,  -552.023, 1736.24, 4280.58
0.71, 267.417,  -552.023, 1736.24, 4280.58
0.71, 267.417,  -552.023, 1736.24, 4280.58
0.71, 267.417,  -552.023, 1736.24, 4280.58
0.71, 267.417,  -552.023, 1736.24, 4280.58
0.71, 267.417,  -552.023, 1736.24, 4280.58
0.71, 267.417,  -552.023, 1736.24, 4280.58
0.71, 267.417,  -552.023, 1736.24, 4280.58
0.71, 267.417,  -552.023, 1736.24, 4280.58
0.71, 267.417,  -552.023, 1736.24, 4280.58
0.71, 267.417,  -552.023, 1736.24, 4280.58
0.72, 267.35,  -538.249, 1730.93, 4275.27
0.72, 267.35,  -538.249, 1730.93, 4275.27
0.72, 267.35,  -538.249, 1730.93, 4275.27
0.72, 267.35,  -538.249, 1730.93, 4275.27
0.72, 267.35,  -538.249, 1730.93, 4275.27
0.72, 267.35,  -538.249, 1730.93, 4275.27
0.72, 267.35,  -538.249, 1730.93, 4275.27
0.72, 267.35,  -538.249, 1730.93, 4275.27
0.72, 267.35,  -538.249, 1730.93, 4275.27
0.72, 267.35,  -538.249, 1730.93, 4275.27
0.72, 267.35,  -538.249, 1730.93, 4275.27
0.72, 267.35,  -538.249, 1730.93, 4275.27
0.72, 267.35,  -538.249, 1730.93, 4275.27
0.72, 267.35,  -538.249, 1730.93, 4275.27
0.72, 267.35,  -538.249, 1730.93, 4275.27
0.72, 267.35,  -538.249, 1730.93, 4275.27
0.72, 267.35,  -538.249, 1730.93, 4275.27
0.72, 267.35,  -538.249, 1730.93, 4275.27
0.72, 267.35,  -538.249, 1730.93, 4275.27
0.72, 267.35,  -538.249, 1730.93, 4275.27
0.72, 267.35,  -538.249, 1730.93, 4275.27
0.72, 267.35,  -538.249, 1730.93, 4275.27
0.73, 267.283,  -524.721, 1725.75, 4270.09
0.73, 267.283,  -524.721, 1725.75, 4270.09
0.73, 267.283,  -524.721, 1725.75, 4270.09
0.73, 267.283,  -524.721, 1725.75, 4270.09
0.73, 267.283,  -524.721, 1725.75, 4270.09
0.73, 267.283,  -524.721, 1725.75, 4270.09
0.73, 267.283,  -524.721, 1725.75, 4270.09
0.73, 267.283,  -524.721, 1725.75, 4270.09
0.73, 267.283,  -524.721, 1725.75, 4270.09
0.73, 267.283,  -524.721, 1725.75, 4270.09
0.73, 267.283,  -524.721, 1725.75, 4270.09
0.73, 267.283,  -524.721, 1725.75, 4270.09
0.73, 267.283,  -524.721, 1725.75, 4270.09
0.73, 267.283,  -524.721, 1725.75, 4270.09
0.73, 267.283,  -524.721, 1725.75, 4270.09
0.73, 267.283,  -524.721, 1725.75, 4270.09
0.73, 267.283,  -524.721, 1725.75, 4270.09
0.73, 267.283,  -524.721, 1725.75, 4270.09
0.73, 267.283,  -524.721, 1725.75, 4270.09
0.73, 267.283,  -524.721, 1725.75, 4270.09
0.73, 267.283,  -524.721, 1725.75, 4270.09
0.73, 267.283,  -524.721, 1725.75, 4270.09
0.74, 267.217,  -511.441, 1720.7, 4265.04
0.74, 267.217,  -511.441, 1720.7, 4265.04
0.74, 267.217,  -511.441, 1720.7, 4265.04
0.74, 267.217,  -511.441, 1720.7, 4265.04
0.74, 267.217,  -511.441, 1720.7, 4265.04
0.74, 267.217,  -511.441, 1720.7, 4265.04
0.74, 267.217,  -511.441, 1720.7, 4265.04
0.74, 267.217,  -511.441, 1720.7, 4265.04
0.74, 267.217,  -511.441, 1720.7, 4265.04
0.74, 267.217,  -511.441, 1720.7, 4265.04
0.74, 267.217,  -511.441, 1720.7, 4265.04
0.74, 267.217,  -511.441, 1720.7, 4265.04
0.74, 267.217,  -511.441, 1720.7, 4265.04
0.74, 267.217,  -511.441, 1720.7, 4265.04
0.74, 267.217,  -511.441, 1720.7, 4265.04
0.74, 267.217,  -511.441, 1720.7, 4265.04
0.74, 267.217,  -511.441, 1720.7, 4265.04
0.74, 267.217,  -511.441, 1720.7, 4265.04
0.74, 267.217,  -511.441, 1720.7, 4265.04
0.74, 267.217,  -511.441, 1720.7, 4265.04
0.74, 267.217,  -511.441, 1720.7, 4265.04
0.74, 267.217,  -511.441, 1720.7, 4265.04
0.75, 267.15,  -498.409, 1715.78, 4260.12
0.75, 267.15,  -498.409, 1715.78, 4260.12
0.75, 267.15,  -498.409, 1715.78, 4260.12
0.75, 267.15,  -498.409, 1715.78, 4260.12
0.75, 267.15,  -498.409, 1715.78, 4260.12
0.75, 267.15,  -498.409, 1715.78, 4260.12
0.75, 267.15,  -498.409, 1715.78, 4260.12
0.75, 267.15,  -498.409, 1715.78, 4260.12
0.75, 267.15,  -498.409, 1715.78, 4260.12
0.75, 267.15,  -498.409, 1715.78, 4260.12
0.75, 267.15,  -498.409, 1715.78, 4260.12
0.75, 267.15,  -498.409, 1715.78, 4260.12
0.75, 267.15,  -498.409, 1715.78, 4260.12
0.75, 267.15,  -498.409, 1715.78, 4260.12
0.75, 267.15,  -498.409, 1715.78, 4260.12
0.75, 267.15,  -498.409, 1715.78, 4260.12
0.75, 267.15,  -498.409, 1715.78, 4260.12
0.75, 267.15,  -498.409, 1715.78, 4260.12
0.75, 267.15,  -498.409, 1715.78, 4260.12
0.75, 267.15,  -498.409, 1715.78, 4260.12
0.75, 267.15,  -498.409, 1715.78, 4260.12
0.75, 267.15,  -498.409, 1715.78, 4260.12
0.76, 267.083,  -485.625, 1710.99, 4255.33
0.76, 267.083,  -485.625, 1710.99, 4255.33
0.76, 267.083,  -485.625, 1710.99, 4255.33
0.76, 267.083,  -485.625, 1710.99, 4255.33
0.76, 267.083,  -485.625, 1710.99, 4255.33
0.76, 267.083,  -485.625, 1710.99, 4255.33
0.76, 267.083,  -485.625, 1710.99, 4255.33
0.76, 267.083,  -485.625, 1710.99, 4255.33
0.76, 267.083,  -485.625, 1710.99, 4255.33
0.76, 267.083,  -485.625, 1710.99, 4255.33
0.76, 267.083,  -485.625, 1710.99, 4255.33
0.76, 267.083,  -485.625, 1710.99, 4255.33
0.76, 267.083,  -485.625, 1710.99, 4255.33
0.76, 267.083,  -485.625, 1710.99, 4255.33
0.76, 267.083,  -485.625, 1710.99, 4255.33
0.76, 267.083,  -485.625, 1710.99, 4255.33
0.76, 267.083,  -485.625, 1710.99, 4255.33
0.76, 267.083,  -485.625, 1710.99, 4255.33
0.76, 267.083,  -485.625, 1710.99, 4255.33
0.76, 267.083,  -485.625, 1710.99, 4255.33
0.76, 267.083,  -485.625, 1710.99, 4255.33
0.76, 267.083,  -485.625, 1710.99, 4255.33
0.77, 267.017,  -473.089, 1706.32, 4250.66
0.77, 267.017,  -473.089, 1706.32, 4250.66
0.77, 267.017,  -473.089, 1706.32, 4250.66
0.77, 267.017,  -473.089, 1706.32, 4250.66
0.77, 267.017,  -473.089, 1706.32, 4250.66
0.77, 267.017,  -473.089, 1706.32, 4250.66
0.77, 267.017,  -473.089, 1706.32, 4250.66
0.77, 267.017,  -473.089, 1706.32, 4250.66
0.77, 267.017,  -473.089, 1706.32, 4250.66
0.77, 267.017,  -473.089, 1706.32, 4250.66
0.77, 267.017,  -473.089, 1706.32, 4250.66
0.77, 267.017,  -473.089, 1706.32, 4250.66
0.77, 267.017,  -473.089, 1706.32, 4250.66
0.77, 267.017,  -473.089, 1706.32, 4250.66
0.77, 267.017,  -473.089, 1706.32, 4250.66
0.77, 267.017,  -473.089, 1706.32, 4250.66
0.77, 267.017,  -473.089, 1706.32, 4250.66
0.77, 267.017,  -473.089, 1706.32, 4250.66
0.77, 267.017,  -473.089, 1706.32, 4250.66
0.77, 267.017,  -473.089, 1706.32, 4250.66
0.77, 267.017,  -473.089, 1706.32, 4250.66
0.77, 267.017,  -473.089, 1706.32, 4250.66
0.78, 266.95,  -460.801, 1701.77, 4246.11
0.78, 266.95,  -460.801, 1701.77, 4246.11
0.78, 266.95,  -460.801, 1701.77, 4246.11
0.78, 266.95,  -460.801, 1701.77, 4246.11
0.78, 266.95,  -460.801, 1701.77, 4246.11
0.78, 266.95,  -460.801, 1701.77, 4246.11
0.78, 266.95,  -460.801, 1701.77, 4246.11
0.78, 266.95,  -460.801, 1701.77, 4246.11
0.78, 266.95,  -460.801, 1701.77, 4246.11
0.78, 266.95,  -460.801, 1701.77, 4246.11
0.78, 266.95,  -460.801, 1701.77, 4246.11
0.78, 266.95,  -460.801, 1701.77, 4246.11
0.78, 266.95,  -460.801, 1701.77, 4246.11
0.78, 266.95,  -460.801, 1701.77, 4246.11
0.78, 266.95,  -460.801, 1701.77, 4246.11
0.78, 266.95,  -460.801, 1701.77, 4246.11
0.78, 266.95,  -460.801, 1701.77, 4246.11
0.78, 266.95,  -460.801, 1701.77, 4246.11
0.78, 266.95,  -460.801, 1701.77, 4246.11
0.78, 266.95,  -460.801, 1701.77, 4246.11
0.78, 266.95,  -460.801, 1701.77, 4246.11
0.78, 266.95,  -460.801, 1701.77, 4246.11
0.79, 266.883,  -448.759, 1697.35, 4241.69
0.79, 266.883,  -448.759, 1697.35, 4241.69
0.79, 266.883,  -448.759, 1697.35, 4241.69
0.79, 266.883,  -448.759, 1697.35, 4241.69
0.79, 266.883,  -448.759, 1697.35, 4241.69
0.79, 266.883,  -448.759, 1697.35, 4241.69
0.79, 266.883,  -448.759, 1697.35, 4241.69
0.79, 266.883,  -448.759, 1697.35, 4241.69
0.79, 266.883,  -448.759, 1697.35, 4241.69
0.79, 266.883,  -448.759, 1697.35, 4241.69
0.79, 266.883,  -448.759, 1697.35, 4241.69
0.79, 266.883,  -448.759, 1697.35, 4241.69
0.79, 266.883,  -448.759, 1697.35, 4241.69
0.79, 266.883,  -448.759, 1697.35, 4241.69
0.79, 266.883,  -448.759, 1697.35, 4241.69
0.79, 266.883,  -448.759, 1697.35, 4241.69
0.79, 266.883,  -448.759, 1697.35, 4241.69
0.79, 266.883,  -448.759, 1697.35, 4241.69
0.79, 266.883,  -448.759, 1697.35, 4241.69
0.79, 266.883,  -448.759, 1697.35, 4241.69
0.79, 266.883,  -448.759, 1697.35, 4241.69
0.79, 266.883,  -448.759, 1697.35, 4241.69
0.8, 266.817,  -436.962, 1693.04, 4237.38
0.8, 266.817,  -436.962, 1693.04, 4237.38
0.8, 266.817,  -436.962, 1693.04, 4237.38
0.8, 266.817,  -436.962, 1693.04, 4237.38
0.8, 266.817,  -436.962, 1693.04, 4237.38
0.8, 266.817,  -436.962, 1693.04, 4237.38
0.8, 266.817,  -436.962, 1693.04, 4237.38
0.8, 266.817,  -436.962, 1693.04, 4237.38
0.8, 266.817,  -436.962, 1693.04, 4237.38
0.8, 266.817,  -436.962, 1693.04, 4237.38
0.8, 266.817,  -436.962, 1693.04, 4237.38
0.8, 266.817,  -436.962, 1693.04, 4237.38
0.8, 266.817,  -436.962, 1693.04, 4237.38
0.8, 266.817,  -436.962, 1693.04, 4237.38
0.8, 266.817,  -436.962, 1693.04, 4237.38
0.8, 266.817,  -436.962, 1693.04, 4237.38
0.8, 266.817,  -436.962, 1693.04, 4237.38
0.8, 266.817,  -436.962, 1693.04, 4237.38
0.8, 266.817,  -436.962, 1693.04, 4237.38
0.8, 266.817,  -436.962, 1693.04, 4237.38
0.8, 266.817,  -436.962, 1693.04, 4237.38
0.8, 266.817,  -436.962, 1693.04, 4237.38
0.81, 266.75,  -425.41, 1688.84, 4233.18
0.81, 266.75,  -425.41, 1688.84, 4233.18
0.81, 266.75,  -425.41, 1688.84, 4233.18
0.81, 266.75,  -425.41, 1688.84, 4233.18
0.81, 266.75,  -425.41, 1688.84, 4233.18
0.81, 266.75,  -425.41, 1688.84, 4233.18
0.81, 266.75,  -425.41, 1688.84, 4233.18
0.81, 266.75,  -425.41, 1688.84, 4233.18
0.81, 266.75,  -425.41, 1688.84, 4233.18
0.81, 266.75,  -425.41, 1688.84, 4233.18
0.81, 266.75,  -425.41, 1688.84, 4233.18
0.81, 266.75,  -425.41, 1688.84, 4233.18
0.81, 266.75,  -425.41, 1688.84, 4233.18
0.81, 266.75,  -425.41, 1688.84, 4233.18
0.81, 266.75,  -425.41, 1688.84, 4233.18
0.81, 266.75,  -425.41, 1688.84, 4233.18
0.81, 266.75,  -425.41, 1688.84, 4233.18
0.81, 266.75,  -425.41, 1688.84, 4233.18
0.81, 266.75,  -425.41, 1688.84, 4233.18
0.81, 266.75,  -425.41, 1688.84, 4233.18
0.81, 266.75,  -425.41, 1688.84, 4233.18
0.82, 266.683,  -414.1, 1684.76, 4229.1
0.82, 266.683,  -414.1, 1684.76, 4229.1
0.82, 266.683,  -414.1, 1684.76, 4229.1
0.82, 266.683,  -414.1, 1684.76, 4229.1
0.82, 266.683,  -414.1, 1684.76, 4229.1
0.82, 266.683,  -414.1, 1684.76, 4229.1
0.82, 266.683,  -414.1, 1684.76, 4229.1
0.82, 266.683,  -414.1, 1684.76, 4229.1
0.82, 266.683,  -414.1, 1684.76, 4229.1
0.82, 266.683,  -414.1, 1684.76, 4229.1
0.82, 266.683,  -414.1, 1684.76, 4229.1
0.82, 266.683,  -414.1, 1684.76, 4229.1
0.82, 266.683,  -414.1, 1684.76, 4229.1
0.82, 266.683,  -414.1, 1684.76, 4229.1
0.82, 266.683,  -414.1, 1684.76, 4229.1
0.82, 266.683,  -414.1, 1684.76, 4229.1
0.82, 266.683,  -414.1, 1684.76, 4229.1
0.82, 266.683,  -414.1, 1684.76, 4229.1
0.82, 266.683,  -414.1, 1684.76, 4229.1
0.82, 266.683,  -414.1, 1684.76, 4229.1
0.82, 266.683,  -414.1, 1684.76, 4229.1
0.83, 266.617,  -403.03, 1680.78, 4225.12
0.83, 266.617,  -403.03, 1680.78, 4225.12
0.83, 266.617,  -403.03, 1680.78, 4225.12
0.83, 266.617,  -403.03, 1680.78, 4225.12
0.83, 266.617,  -403.03, 1680.78, 4225.12
0.83, 266.617,  -403.03, 1680.78, 4225.12
0.83, 266.617,  -403.03, 1680.78, 4225.12
0.83, 266.617,  -403.03, 1680.78, 4225.12
0.83, 266.617,  -403.03, 1680.78, 4225.12
0.83, 266.617,  -403.03, 1680.78, 4225.12
0.83, 266.617,  -403.03, 1680.78, 4225.12
0.83, 266.617,  -403.03, 1680.78, 4225.12
0.83, 266.617,  -403.03, 1680.78, 4225.12
0.83, 266.617,  -403.03, 1680.78, 4225.12
0.83, 266.617,  -403.03, 1680.78, 4225.12
0.83, 266.617,  -403.03, 1680.78, 4225.12
0.83, 266.617,  -403.03, 1680.78, 4225.12
0.83, 266.617,  -403.03, 1680.78, 4225.12
0.83, 266.617,  -403.03, 1680.78, 4225.12
0.83, 266.617,  -403.03, 1680.78, 4225.12
0.83, 266.617,  -403.03, 1680.78, 4225.12
0.84, 266.55,  -392.199, 1676.91, 4221.25
0.84, 266.55,  -392.199, 1676.91, 4221.25
0.84, 266.55,  -392.199, 1676.91, 4221.25
0.84, 266.55,  -392.199, 1676.91, 4221.25
0.84, 266.55,  -392.199, 1676.91, 4221.25
0.84, 266.55,  -392.199, 1676.91, 4221.25
0.84, 266.55,  -392.199, 1676.91, 4221.25
0.84, 266.55,  -392.199, 1676.91, 4221.25
0.84, 266.55,  -392.199, 1676.91, 4221.25
0.84, 266.55,  -392.199, 1676.91, 4221.25
0.84, 266.55,  -392.199, 1676.91, 4221.25
0.84, 266.55,  -392.199, 1676.91, 4221.25
0.84, 266.55,  -392.199, 1676.91, 4221.25
0.84, 266.55,  -392.199, 1676.91, 4221.25
0.84, 266.55,  -392.199, 1676.91, 4221.25
0.84, 266.55,  -392.199, 1676.91, 4221.25
0.84, 266.55,  -392.199, 1676.91, 4221.25
0.84, 266.55,  -392.199, 1676.91, 4221.25
0.84, 266.55,  -392.199, 1676.91, 4221.25
0.84, 266.55,  -392.199, 1676.91, 4221.25
0.84, 266.55,  -392.199, 1676.91, 4221.25
0.85, 266.483,  -381.604, 1673.15, 4217.49
0.85, 266.483,  -381.604, 1673.15, 4217.49
0.85, 266.483,  -381.604, 1673.15, 4217.49
0.85, 266.483,  -381.604, 1673.15, 4217.49
0.85, 266.483,  -381.604, 1673.15, 4217.49
0.85, 266.483,  -381.604, 1673.15, 4217.49
0.85, 266.483,  -381.604, 1673.15, 4217.49
0.85, 266.483,  -381.604, 1673.15, 4217.49
0.85, 266.483,  -381.604, 1673.15, 4217.49
0.85, 266.483,  -381.604, 1673.15, 4217.49
0.85, 266.483,  -381.604, 1673.15, 4217.49
0.85, 266.483,  -381.604, 1673.15, 4217.49
0.85, 266.483,  -381.604, 1673.15, 4217.49
0.85, 266.483,  -381.604, 1673.15, 4217.49
0.85, 266.483,  -381.604, 1673.15, 4217.49
0.85, 266.483,  -381.604, 1673.15, 4217.49
0.85, 266.483,  -381.604, 1673.15, 4217.49
0.85, 266.483,  -381.604, 1673.15, 4217.49
0.85, 266.483,  -381.604, 1673.15, 4217.49
0.85, 266.483,  -381.604, 1673.15, 4217.49
0.85, 266.483,  -381.604, 1673.15, 4217.49
0.86, 266.417,  -371.243, 1669.49, 4213.83
0.86, 266.417,  -371.243, 1669.49, 4213.83
0.86, 266.417,  -371.243, 1669.49, 4213.83
0.86, 266.417,  -371.243, 1669.49, 4213.83
0.86, 266.417,  -371.243, 1669.49, 4213.83
0.86, 266.417,  -371.243, 1669.49, 4213.83
0.86, 266.417,  -371.243, 1669.49, 4213.83
0.86, 266.417,  -371.243, 1669.49, 4213.83
0.86, 266.417,  -371.243, 1669.49, 4213.83
0.86, 266.417,  -371.243, 1669.49, 4213.83
0.86, 266.417,  -371.243, 1669.49, 4213.83
0.86, 266.417,  -371.243, 1669.49, 4213.83
0.86, 266.417,  -371.243, 1669.49, 4213.83
0.86, 266.417,  -371.243, 1669.49, 4213.83
0.86, 266.417,  -371.243, 1669.49, 4213.83
0.86, 266.417,  -371.243, 1669.49, 4213.83
0.86, 266.417,  -371.243, 1669.49, 4213.83
0.86, 266.417,  -371.243, 1669.49, 4213.83
0.86, 266.417,  -371.243, 1669.49, 4213.83
0.86, 266.417,  -371.243, 1669.49, 4213.83
0.86, 266.417,  -371.243, 1669.49, 4213.83
0.87, 266.35,  -361.114, 1665.93, 4210.27
0.87, 266.35,  -361.114, 1665.93, 4210.27
0.87, 266.35,  -361.114, 1665.93, 4210.27
0.87, 266.35,  -361.114, 1665.93, 4210.27
0.87, 266.35,  -361.114, 1665.93, 4210.27
0.87, 266.35,  -361.114, 1665.93, 4210.27
0.87, 266.35,  -361.114, 1665.93, 4210.27
0.87, 266.35,  -361.114, 1665.93, 4210.27
0.87, 266.35,  -361.114, 1665.93, 4210.27
0.87, 266.35,  -361.114, 1665.93, 4210.27
0.87, 266.35,  -361.114, 1665.93, 4210.27
0.87, 266.35,  -361.114, 1665.93, 4210.27
0.87, 266.35,  -361.114, 1665.93, 4210.27
0.87, 266.35,  -361.114, 1665.93, 4210.27
0.87, 266.35,  -361.114, 1665.93, 4210.27
0.87, 266.35,  -361.114, 1665.93, 4210.27
0.87, 266.35,  -361.114, 1665.93, 4210.27
0.87, 266.35,  -361.114, 1665.93, 4210.27
0.87, 266.35,  -361.114, 1665.93, 4210.27
0.87, 266.35,  -361.114, 1665.93, 4210.27
0.87, 266.35,  -361.114, 1665.93, 4210.27
0.88, 266.283,  -351.213, 1662.47, 4206.81
0.88, 266.283,  -351.213, 1662.47, 4206.81
0.88, 266.283,  -351.213, 1662.47, 4206.81
0.88, 266.283,  -351.213, 1662.47, 4206.81
0.88, 266.283,  -351.213, 1662.47, 4206.81
0.88, 266.283,  -351.213, 1662.47, 4206.81
0.88, 266.283,  -351.213, 1662.47, 4206.81
0.88, 266.283,  -351.213, 1662.47, 4206.81
0.88, 266.283,  -351.213, 1662.47, 4206.81
0.88, 266.283,  -351.213, 1662.47, 4206.81
0.88, 266.283,  -351.213, 1662.47, 4206.81
0.88, 266.283,  -351.213, 1662.47, 4206.81
0.88, 266.283,  -351.213, 1662.47, 4206.81
0.88, 266.283,  -351.213, 1662.47, 4206.81
0.88, 266.283,  -351.213, 1662.47, 4206.81
0.88, 266.283,  -351.213, 1662.47, 4206.81
0.88, 266.283,  -351.213, 1662.47, 4206.81
0.88, 266.283,  -351.213, 1662.47, 4206.81
0.88, 266.283,  -351.213, 1662.47, 4206.81
0.89, 266.217,  -341.538, 1659.1, 4203.44
0.89, 266.217,  -341.538, 1659.1, 4203.44
0.89, 266.217,  -341.538, 1659.1, 4203.44
0.89, 266.217,  -341.538, 1659.1, 4203.44
0.89, 266.217,  -341.538, 1659.1, 4203.44
0.89, 266.217,  -341.538, 1659.1, 4203.44
0.89, 266.217,  -341.538, 1659.1, 4203.44
0.89, 266.217,  -341.538, 1659.1, 4203.44
0.89, 266.217,  -341.538, 1659.1, 4203.44
0.89, 266.217,  -341.538, 1659.1, 4203.44
0.89, 266.217,  -341.538, 1659.1, 4203.44
0.89, 266.217,  -341.538, 1659.1, 4203.44
0.89, 266.217,  -341.538, 1659.1, 4203.44
0.89, 266.217,  -341.538, 1659.1, 4203.44
0.89, 266.217,  -341.538, 1659.1, 4203.44
0.89, 266.217,  -341.538, 1659.1, 4203.44
0.89, 266.217,  -341.538, 1659.1, 4203.44
0.89, 266.217,  -341.538, 1659.1, 4203.44
0.9, 266.15,  -332.086, 1655.83, 4200.16
0.9, 266.15,  -332.086, 1655.83, 4200.16
0.9, 266.15,  -332.086, 1655.83, 4200.16
0.9, 266.15,  -332.086, 1655.83, 4200.16
0.9, 266.15,  -332.086, 1655.83, 4200.16
0.9, 266.15,  -332.086, 1655.83, 4200.16
0.9, 266.15,  -332.086, 1655.83, 4200.16
0.9, 266.15,  -332.086, 1655.83, 4200.16
0.9, 266.15,  -332.086, 1655.83, 4200.16
0.9, 266.15,  -332.086, 1655.83, 4200.16
0.9, 266.15,  -332.086, 1655.83, 4200.16
0.9, 266.15,  -332.086, 1655.83, 4200.16
0.9, 266.15,  -332.086, 1655.83, 4200.16
0.9, 266.15,  -332.086, 1655.83, 4200.16
0.9, 266.15,  -332.086, 1655.83, 4200.16
0.9, 266.15,  -332.086, 1655.83, 4200.16
0.91, 266.083,  -322.854, 1652.64, 4196.98
0.91, 266.083,  -322.854, 1652.64, 4196.98
0.91, 266.083,  -322.854, 1652.64, 4196.98
0.91, 266.083,  -322.854, 1652.64, 4196.98
0.91, 266.083,  -322.854, 1652.64, 4196.98
0.91, 266.083,  -322.854, 1652.64, 4196.98
0.91, 266.083,  -322.854, 1652.64, 4196.98
0.91, 266.083,  -322.854, 1652.64, 4196.98
0.91, 266.083,  -322.854, 1652.64, 4196.98
0.91, 266.083,  -322.854, 1652.64, 4196.98
0.91, 266.083,  -322.854, 1652.64, 4196.98
0.91, 266.083,  -322.854, 1652.64, 4196.98
0.91, 266.083,  -322.854, 1652.64, 4196.98
0.91, 266.083,  -322.854, 1652.64, 4196.98
0.91, 266.083,  -322.854, 1652.64, 4196.98
0.92, 266.017,  -313.84, 1649.55, 4193.89
0.92, 266.017,  -313.84, 1649.55, 4193.89
0.92, 266.017,  -313.84, 1649.55, 4193.89
0.92, 266.017,  -313.84, 1649.55, 4193.89
0.92, 266.017,  -313.84, 1649.55, 4193.89
0.92, 266.017,  -313.84, 1649.55, 4193.89
0.92, 266.017,  -313.84, 1649.55, 4193.89
0.92, 266.017,  -313.84, 1649.55, 4193.89
0.92, 266.017,  -313.84, 1649.55, 4193.89
0.92, 266.017,  -313.84, 1649.55, 4193.89
0.92, 266.017,  -313.84, 1649.55, 4193.89
0.92, 266.017,  -313.84, 1649.55, 4193.89
0.93, 265.95,  -305.039, 1646.54, 4190.88
0.93, 265.95,  -305.039, 1646.54, 4190.88
0.93, 265.95,  -305.039, 1646.54, 4190.88
0.93, 265.95,  -305.039, 1646.54, 4190.88
0.93, 265.95,  -305.039, 1646.54, 4190.88
0.93, 265.95,  -305.039, 1646.54, 4190.88
0.93, 265.95,  -305.039, 1646.54, 4190.88
0.93, 265.95,  -305.039, 1646.54, 4190.88
0.93, 265.95,  -305.039, 1646.54, 4190.88
0.93, 265.95,  -305.039, 1646.54, 4190.88
0.93, 265.95,  -305.039, 1646.54, 4190.88
0.94, 265.883,  -296.448, 1643.62, 4187.96
0.94, 265.883,  -296.448, 1643.62, 4187.96
0.94, 265.883,  -296.448, 1643.62, 4187.96
0.94, 265.883,  -296.448, 1643.62, 4187.96
0.94, 265.883,  -296.448, 1643.62, 4187.96
0.94, 265.883,  -296.448, 1643.62, 4187.96
0.94, 265.883,  -296.448, 1643.62, 4187.96
0.94, 265.883,  -296.448, 1643.62, 4187.96
0.94, 265.883,  -296.448, 1643.62, 4187.96
0.94, 265.883,  -296.448, 1643.62, 4187.96
0.95, 265.817,  -288.065, 1640.78, 4185.12
0.95, 265.817,  -288.065, 1640.78, 4185.12
0.95, 265.817,  -288.065, 1640.78, 4185.12
0.95, 265.817,  -288.065, 1640.78, 4185.12
0.95, 265.817,  -288.065, 1640.78, 4185.12
0.95, 265.817,  -288.065, 1640.78, 4185.12
0.95, 265.817,  -288.065, 1640.78, 4185.12
0.95, 265.817,  -288.065, 1640.78, 4185.12
0.95, 265.817,  -288.065, 1640.78, 4185.12
0.96, 265.75,  -279.886, 1638.03, 4182.36
0.96, 265.75,  -279.886, 1638.03, 4182.36
0.96, 265.75,  -279.886, 1638.03, 4182.36
0.96, 265.75,  -279.886, 1638.03, 4182.36
0.96, 265.75,  -279.886, 1638.03, 4182.36
0.96, 265.75,  -279.886, 1638.03, 4182.36
0.96, 265.75,  -279.886, 1638.03, 4182.36
0.97, 265.683,  -271.908, 1635.35, 4179.69
0.97, 265.683,  -271.908, 1635.35, 4179.69
0.97, 265.683,  -271.908, 1635.35, 4179.69
0.97, 265.683,  -271.908, 1635.35, 4179.69
0.97, 265.683,  -271.908, 1635.35, 4179.69
0.97, 265.683,  -271.908, 1635.35, 4179.69
0.98, 265.617,  -264.127, 1632.74, 4177.08
0.98, 265.617,  -264.127, 1632.74, 4177.08
0.98, 265.617,  -264.127, 1632.74, 4177.08
0.98, 265.617,  -264.127, 1632.74, 4177.08
0.98, 265.617,  -264.127, 1632.74, 4177.08
0.99, 265.55,  -256.54, 1630.22, 4174.56
0.99, 265.55,  -256.54, 1630.22, 4174.56
0.99, 265.55,  -256.54, 1630.22, 4174.56
0.99, 265.55,  -256.54, 1630.22, 4174.56
1, 265.483,  -249.143, 1627.76, 4172.1
1, 265.483,  -249.143, 1627.76, 4172.1
1, 265.483,  -249.143, 1627.76, 4172.1
1.01, 265.417,  -241.933, 1625.38, 4169.72
1.01, 265.417,  -241.933, 1625.38, 4169.72
1.02, 265.35,  -234.907, 1623.06, 4167.4
1.02, 265.35,  -234.907, 1623.06, 4167.4
1.03, 265.283,  -228.06, 1620.82, 4165.16
