272.15,  0,  0
272.15,  0,  0
272.15,  0,  0
272.15,  0,  0
272.15,  0,  0
272.15,  0,  0
272.15,  0,  0
272.15,  0,  0
272.15,  0,  0
272.15,  0,  0
272.15,  0,  0
272.15,  0,  0
272.15,  0,  0
272.15,  0,  0
272.15,  0,  0
272.15,  0,  0
272.15,  0,  0
272.15,  0,  0
272.15,  0,  0
272.15,  0,  0
272.15,  0,  0
272.15,  0,  0
272.083,  0.01,  0
272.083,  0.01,  0
272.083,  0.01,  0
272.083,  0.01,  0
272.083,  0.01,  0
272.083,  0.01,  0
272.083,  0.01,  0
272.083,  0.01,  0
272.083,  0.01,  0
272.083,  0.01,  0
272.083,  0.01,  0
272.083,  0.01,  0
272.083,  0.01,  0
272.083,  0.01,  0
272.083,  0.01,  0
272.083,  0.01,  0
272.083,  0.01,  0
272.083,  0.01,  0
272.083,  0.01,  0
272.083,  0.01,  0
272.083,  0.01,  0
272.083,  0.01,  0
272.017,  0.02,  0
272.017,  0.02,  0
272.017,  0.02,  0
272.017,  0.02,  0
272.017,  0.02,  0
272.017,  0.02,  0
272.017,  0.02,  0
272.017,  0.02,  0
272.017,  0.02,  0
272.017,  0.02,  0
272.017,  0.02,  0
272.017,  0.02,  0
272.017,  0.02,  0
272.017,  0.02,  0
272.017,  0.02,  0
272.017,  0.02,  0
272.017,  0.02,  0
272.017,  0.02,  0
272.017,  0.02,  0
272.017,  0.02,  0
272.017,  0.02,  0
272.017,  0.02,  0
271.95,  0.03,  0
271.95,  0.03,  0
271.95,  0.03,  0
271.95,  0.03,  0
271.95,  0.03,  0
271.95,  0.03,  0
271.95,  0.03,  0
271.95,  0.03,  0
271.95,  0.03,  0
271.95,  0.03,  0
271.95,  0.03,  0
271.95,  0.03,  0
271.95,  0.03,  0
271.95,  0.03,  0
271.95,  0.03,  0
271.95,  0.03,  0
271.95,  0.03,  0
271.95,  0.03,  0
271.95,  0.03,  0
271.95,  0.03,  0
271.95,  0.03,  0
271.95,  0.03,  0
271.883,  0.04,  0
271.883,  0.04,  0
271.883,  0.04,  0
271.883,  0.04,  0
271.883,  0.04,  0
271.883,  0.04,  0
271.883,  0.04,  0
271.883,  0.04,  0
271.883,  0.04,  0
271.883,  0.04,  0
271.883,  0.04,  0
271.883,  0.04,  0
271.883,  0.04,  0
271.883,  0.04,  0
271.883,  0.04,  0
271.883,  0.04,  0
271.883,  0.04,  0
271.883,  0.04,  0
271.883,  0.04,  0
271.883,  0.04,  0
271.883,  0.04,  0
271.883,  0.04,  0
271.817,  0.05,  0
271.817,  0.05,  0
271.817,  0.05,  0
271.817,  0.05,  0
271.817,  0.05,  0
271.817,  0.05,  0
271.817,  0.05,  0
271.817,  0.05,  0
271.817,  0.05,  0
271.817,  0.05,  0
271.817,  0.05,  0
271.817,  0.05,  0
271.817,  0.05,  0
271.817,  0.05,  0
271.817,  0.05,  0
271.817,  0.05,  0
271.817,  0.05,  0
271.817,  0.05,  0
271.817,  0.05,  0
271.817,  0.05,  0
271.817,  0.05,  0
271.817,  0.05,  0
271.75,  0.06,  0
271.75,  0.06,  0
271.75,  0.06,  0
271.75,  0.06,  0
271.75,  0.06,  0
271.75,  0.06,  0
271.75,  0.06,  0
271.75,  0.06,  0
271.75,  0.06,  0
271.75,  0.06,  0
271.75,  0.06,  0
271.75,  0.06,  0
271.75,  0.06,  0
271.75,  0.06,  0
271.75,  0.06,  0
271.75,  0.06,  0
271.75,  0.06,  0
271.75,  0.06,  0
271.75,  0.06,  0
271.75,  0.06,  0
271.75,  0.06,  0
271.75,  0.06,  0
271.683,  0.07,  0
271.683,  0.07,  0
271.683,  0.07,  0
271.683,  0.07,  0
271.683,  0.07,  0
271.683,  0.07,  0
271.683,  0.07,  0
271.683,  0.07,  0
271.683,  0.07,  0
271.683,  0.07,  0
271.683,  0.07,  0
271.683,  0.07,  0
271.683,  0.07,  0
271.683,  0.07,  0
271.683,  0.07,  0
271.683,  0.07,  0
271.683,  0.07,  0
271.683,  0.07,  0
271.683,  0.07,  0
271.683,  0.07,  0
271.683,  0.07,  0
271.683,  0.07,  0
271.617,  0.08,  0
271.617,  0.08,  0
271.617,  0.08,  0
271.617,  0.08,  0
271.617,  0.08,  0
271.617,  0.08,  0
271.617,  0.08,  0
271.617,  0.08,  0
271.617,  0.08,  0
271.617,  0.08,  0
271.617,  0.08,  0
271.617,  0.08,  0
271.617,  0.08,  0
271.617,  0.08,  0
271.617,  0.08,  0
271.617,  0.08,  0
271.617,  0.08,  0
271.617,  0.08,  0
271.617,  0.08,  0
271.617,  0.08,  0
271.617,  0.08,  0
271.617,  0.08,  0
271.55,  0.09,  0
271.55,  0.09,  0
271.55,  0.09,  0
271.55,  0.09,  0
271.55,  0.09,  0
271.55,  0.09,  0
271.55,  0.09,  0
271.55,  0.09,  0
271.55,  0.09,  0
271.55,  0.09,  0
271.55,  0.09,  0
271.55,  0.09,  0
271.55,  0.09,  0
271.55,  0.09,  0
271.55,  0.09,  0
271.55,  0.09,  0
271.55,  0.09,  0
271.55,  0.09,  0
271.55,  0.09,  0
271.55,  0.09,  0
271.55,  0.09,  0
271.55,  0.09,  0
271.483,  0.1,  0
271.483,  0.1,  0
271.483,  0.1,  0
271.483,  0.1,  0
271.483,  0.1,  0
271.483,  0.1,  0
271.483,  0.1,  0
271.483,  0.1,  0
271.483,  0.1,  0
271.483,  0.1,  0
271.483,  0.1,  0
271.483,  0.1,  0
271.483,  0.1,  0
271.483,  0.1,  0
271.483,  0.1,  0
271.483,  0.1,  0
271.483,  0.1,  0
271.483,  0.1,  0
271.483,  0.1,  0
271.483,  0.1,  0
271.483,  0.1,  0
271.483,  0.1,  0
271.417,  0.11,  9.91925e-132
271.417,  0.11,  9.91925e-132
271.417,  0.11,  9.91925e-132
271.417,  0.11,  9.91925e-132
271.417,  0.11,  9.91925e-132
271.417,  0.11,  9.91925e-132
271.417,  0.11,  9.91925e-132
271.417,  0.11,  9.91925e-132
271.417,  0.11,  9.91925e-132
271.417,  0.11,  9.91925e-132
271.417,  0.11,  9.91925e-132
271.417,  0.11,  9.91925e-132
271.417,  0.11,  9.91925e-132
271.417,  0.11,  9.91925e-132
271.417,  0.11,  9.91925e-132
271.417,  0.11,  9.91925e-132
271.417,  0.11,  9.91925e-132
271.417,  0.11,  9.91925e-132
271.417,  0.11,  9.91925e-132
271.417,  0.11,  9.91925e-132
271.417,  0.11,  9.91925e-132
271.417,  0.11,  9.91925e-132
271.35,  0.12,  1.0821e-131
271.35,  0.12,  1.0821e-131
271.35,  0.12,  1.0821e-131
271.35,  0.12,  1.0821e-131
271.35,  0.12,  1.0821e-131
271.35,  0.12,  1.0821e-131
271.35,  0.12,  1.0821e-131
271.35,  0.12,  1.0821e-131
271.35,  0.12,  1.0821e-131
271.35,  0.12,  1.0821e-131
271.35,  0.12,  1.0821e-131
271.35,  0.12,  1.0821e-131
271.35,  0.12,  1.0821e-131
271.35,  0.12,  1.0821e-131
271.35,  0.12,  1.0821e-131
271.35,  0.12,  1.0821e-131
271.35,  0.12,  1.0821e-131
271.35,  0.12,  1.0821e-131
271.35,  0.12,  1.0821e-131
271.35,  0.12,  1.0821e-131
271.35,  0.12,  1.0821e-131
271.35,  0.12,  1.0821e-131
271.283,  0.13,  1.17228e-131
271.283,  0.13,  1.17228e-131
271.283,  0.13,  1.17228e-131
271.283,  0.13,  1.17228e-131
271.283,  0.13,  1.17228e-131
271.283,  0.13,  1.17228e-131
271.283,  0.13,  1.17228e-131
271.283,  0.13,  1.17228e-131
271.283,  0.13,  1.17228e-131
271.283,  0.13,  1.17228e-131
271.283,  0.13,  1.17228e-131
271.283,  0.13,  1.17228e-131
271.283,  0.13,  1.17228e-131
271.283,  0.13,  1.17228e-131
271.283,  0.13,  1.17228e-131
271.283,  0.13,  1.17228e-131
271.283,  0.13,  1.17228e-131
271.283,  0.13,  1.17228e-131
271.283,  0.13,  1.17228e-131
271.283,  0.13,  1.17228e-131
271.283,  0.13,  1.17228e-131
271.283,  0.13,  1.17228e-131
271.217,  0.14,  1.26245e-131
271.217,  0.14,  1.26245e-131
271.217,  0.14,  1.26245e-131
271.217,  0.14,  1.26245e-131
271.217,  0.14,  1.26245e-131
271.217,  0.14,  1.26245e-131
271.217,  0.14,  1.26245e-131
271.217,  0.14,  1.26245e-131
271.217,  0.14,  1.26245e-131
271.217,  0.14,  1.26245e-131
271.217,  0.14,  1.26245e-131
271.217,  0.14,  1.26245e-131
271.217,  0.14,  1.26245e-131
271.217,  0.14,  1.26245e-131
271.217,  0.14,  1.26245e-131
271.217,  0.14,  1.26245e-131
271.217,  0.14,  1.26245e-131
271.217,  0.14,  1.26245e-131
271.217,  0.14,  1.26245e-131
271.217,  0.14,  1.26245e-131
271.217,  0.14,  1.26245e-131
271.217,  0.14,  1.26245e-131
271.15,  0.15,  1.35263e-131
271.15,  0.15,  1.35263e-131
271.15,  0.15,  1.35263e-131
271.15,  0.15,  1.35263e-131
271.15,  0.15,  1.35263e-131
271.15,  0.15,  1.35263e-131
271.15,  0.15,  1.35263e-131
271.15,  0.15,  1.35263e-131
271.15,  0.15,  1.35263e-131
271.15,  0.15,  1.35263e-131
271.15,  0.15,  1.35263e-131
271.15,  0.15,  1.35263e-131
271.15,  0.15,  1.35263e-131
271.15,  0.15,  1.35263e-131
271.15,  0.15,  1.35263e-131
271.15,  0.15,  1.35263e-131
271.15,  0.15,  1.35263e-131
271.15,  0.15,  1.35263e-131
271.15,  0.15,  1.35263e-131
271.15,  0.15,  1.35263e-131
271.15,  0.15,  1.35263e-131
271.15,  0.15,  1.35263e-131
271.083,  0.16,  1.4428e-131
271.083,  0.16,  1.4428e-131
271.083,  0.16,  1.4428e-131
271.083,  0.16,  1.4428e-131
271.083,  0.16,  1.4428e-131
271.083,  0.16,  1.4428e-131
271.083,  0.16,  1.4428e-131
271.083,  0.16,  1.4428e-131
271.083,  0.16,  1.4428e-131
271.083,  0.16,  1.4428e-131
271.083,  0.16,  1.4428e-131
271.083,  0.16,  1.4428e-131
271.083,  0.16,  1.4428e-131
271.083,  0.16,  1.4428e-131
271.083,  0.16,  1.4428e-131
271.083,  0.16,  1.4428e-131
271.083,  0.16,  1.4428e-131
271.083,  0.16,  1.4428e-131
271.083,  0.16,  1.4428e-131
271.083,  0.16,  1.4428e-131
271.083,  0.16,  1.4428e-131
271.083,  0.16,  1.4428e-131
271.017,  0.17,  1.53298e-131
271.017,  0.17,  1.53298e-131
271.017,  0.17,  1.53298e-131
271.017,  0.17,  1.53298e-131
271.017,  0.17,  1.53298e-131
271.017,  0.17,  1.53298e-131
271.017,  0.17,  1.53298e-131
271.017,  0.17,  1.53298e-131
271.017,  0.17,  1.53298e-131
271.017,  0.17,  1.53298e-131
271.017,  0.17,  1.53298e-131
271.017,  0.17,  1.53298e-131
271.017,  0.17,  1.53298e-131
271.017,  0.17,  1.53298e-131
271.017,  0.17,  1.53298e-131
271.017,  0.17,  1.53298e-131
271.017,  0.17,  1.53298e-131
271.017,  0.17,  1.53298e-131
271.017,  0.17,  1.53298e-131
271.017,  0.17,  1.53298e-131
271.017,  0.17,  1.53298e-131
271.017,  0.17,  1.53298e-131
270.95,  0.18,  1.62315e-131
270.95,  0.18,  1.62315e-131
270.95,  0.18,  1.62315e-131
270.95,  0.18,  1.62315e-131
270.95,  0.18,  1.62315e-131
270.95,  0.18,  1.62315e-131
270.95,  0.18,  1.62315e-131
270.95,  0.18,  1.62315e-131
270.95,  0.18,  1.62315e-131
270.95,  0.18,  1.62315e-131
270.95,  0.18,  1.62315e-131
270.95,  0.18,  1.62315e-131
270.95,  0.18,  1.62315e-131
270.95,  0.18,  1.62315e-131
270.95,  0.18,  1.62315e-131
270.95,  0.18,  1.62315e-131
270.95,  0.18,  1.62315e-131
270.95,  0.18,  1.62315e-131
270.95,  0.18,  1.62315e-131
270.95,  0.18,  1.62315e-131
270.95,  0.18,  1.62315e-131
270.95,  0.18,  1.62315e-131
270.883,  0.19,  1.71333e-131
270.883,  0.19,  1.71333e-131
270.883,  0.19,  1.71333e-131
270.883,  0.19,  1.71333e-131
270.883,  0.19,  1.71333e-131
270.883,  0.19,  1.71333e-131
270.883,  0.19,  1.71333e-131
270.883,  0.19,  1.71333e-131
270.883,  0.19,  1.71333e-131
270.883,  0.19,  1.71333e-131
270.883,  0.19,  1.71333e-131
270.883,  0.19,  1.71333e-131
270.883,  0.19,  1.71333e-131
270.883,  0.19,  1.71333e-131
270.883,  0.19,  1.71333e-131
270.883,  0.19,  1.71333e-131
270.883,  0.19,  1.71333e-131
270.883,  0.19,  1.71333e-131
270.883,  0.19,  1.71333e-131
270.883,  0.19,  1.71333e-131
270.883,  0.19,  1.71333e-131
270.883,  0.19,  1.71333e-131
270.817,  0.2,  5.67216e-24
270.817,  0.2,  5.67216e-24
270.817,  0.2,  5.67216e-24
270.817,  0.2,  5.67216e-24
270.817,  0.2,  5.67216e-24
270.817,  0.2,  5.67216e-24
270.817,  0.2,  5.67216e-24
270.817,  0.2,  5.67216e-24
270.817,  0.2,  5.67216e-24
270.817,  0.2,  5.67216e-24
270.817,  0.2,  5.67216e-24
270.817,  0.2,  5.67216e-24
270.817,  0.2,  5.67216e-24
270.817,  0.2,  5.67216e-24
270.817,  0.2,  5.67216e-24
270.817,  0.2,  5.67216e-24
270.817,  0.2,  5.67216e-24
270.817,  0.2,  5.67216e-24
270.817,  0.2,  5.67216e-24
270.817,  0.2,  5.67216e-24
270.817,  0.2,  5.67216e-24
270.817,  0.2,  5.67216e-24
270.75,  0.21,  1.13133e-22
270.75,  0.21,  1.13133e-22
270.75,  0.21,  1.13133e-22
270.75,  0.21,  1.13133e-22
270.75,  0.21,  1.13133e-22
270.75,  0.21,  1.13133e-22
270.75,  0.21,  1.13133e-22
270.75,  0.21,  1.13133e-22
270.75,  0.21,  1.13133e-22
270.75,  0.21,  1.13133e-22
270.75,  0.21,  1.13133e-22
270.75,  0.21,  1.13133e-22
270.75,  0.21,  1.13133e-22
270.75,  0.21,  1.13133e-22
270.75,  0.21,  1.13133e-22
270.75,  0.21,  1.13133e-22
270.75,  0.21,  1.13133e-22
270.75,  0.21,  1.13133e-22
270.75,  0.21,  1.13133e-22
270.75,  0.21,  1.13133e-22
270.75,  0.21,  1.13133e-22
270.75,  0.21,  1.13133e-22
270.683,  0.22,  1.7729e-21
270.683,  0.22,  1.7729e-21
270.683,  0.22,  1.7729e-21
270.683,  0.22,  1.7729e-21
270.683,  0.22,  1.7729e-21
270.683,  0.22,  1.7729e-21
270.683,  0.22,  1.7729e-21
270.683,  0.22,  1.7729e-21
270.683,  0.22,  1.7729e-21
270.683,  0.22,  1.7729e-21
270.683,  0.22,  1.7729e-21
270.683,  0.22,  1.7729e-21
270.683,  0.22,  1.7729e-21
270.683,  0.22,  1.7729e-21
270.683,  0.22,  1.7729e-21
270.683,  0.22,  1.7729e-21
270.683,  0.22,  1.7729e-21
270.683,  0.22,  1.7729e-21
270.683,  0.22,  1.7729e-21
270.683,  0.22,  1.7729e-21
270.683,  0.22,  1.7729e-21
270.683,  0.22,  1.7729e-21
270.617,  0.23,  2.23902e-20
270.617,  0.23,  2.23902e-20
270.617,  0.23,  2.23902e-20
270.617,  0.23,  2.23902e-20
270.617,  0.23,  2.23902e-20
270.617,  0.23,  2.23902e-20
270.617,  0.23,  2.23902e-20
270.617,  0.23,  2.23902e-20
270.617,  0.23,  2.23902e-20
270.617,  0.23,  2.23902e-20
270.617,  0.23,  2.23902e-20
270.617,  0.23,  2.23902e-20
270.617,  0.23,  2.23902e-20
270.617,  0.23,  2.23902e-20
270.617,  0.23,  2.23902e-20
270.617,  0.23,  2.23902e-20
270.617,  0.23,  2.23902e-20
270.617,  0.23,  2.23902e-20
270.617,  0.23,  2.23902e-20
270.617,  0.23,  2.23902e-20
270.617,  0.23,  2.23902e-20
270.617,  0.23,  2.23902e-20
270.55,  0.24,  2.3298e-19
270.55,  0.24,  2.3298e-19
270.55,  0.24,  2.3298e-19
270.55,  0.24,  2.3298e-19
270.55,  0.24,  2.3298e-19
270.55,  0.24,  2.3298e-19
270.55,  0.24,  2.3298e-19
270.55,  0.24,  2.3298e-19
270.55,  0.24,  2.3298e-19
270.55,  0.24,  2.3298e-19
270.55,  0.24,  2.3298e-19
270.55,  0.24,  2.3298e-19
270.55,  0.24,  2.3298e-19
270.55,  0.24,  2.3298e-19
270.55,  0.24,  2.3298e-19
270.55,  0.24,  2.3298e-19
270.55,  0.24,  2.3298e-19
270.55,  0.24,  2.3298e-19
270.55,  0.24,  2.3298e-19
270.55,  0.24,  2.3298e-19
270.55,  0.24,  2.3298e-19
270.55,  0.24,  2.3298e-19
270.483,  0.25,  2.03645e-18
270.483,  0.25,  2.03645e-18
270.483,  0.25,  2.03645e-18
270.483,  0.25,  2.03645e-18
270.483,  0.25,  2.03645e-18
270.483,  0.25,  2.03645e-18
270.483,  0.25,  2.03645e-18
270.483,  0.25,  2.03645e-18
270.483,  0.25,  2.03645e-18
270.483,  0.25,  2.03645e-18
270.483,  0.25,  2.03645e-18
270.483,  0.25,  2.03645e-18
270.483,  0.25,  2.03645e-18
270.483,  0.25,  2.03645e-18
270.483,  0.25,  2.03645e-18
270.483,  0.25,  2.03645e-18
270.483,  0.25,  2.03645e-18
270.483,  0.25,  2.03645e-18
270.483,  0.25,  2.03645e-18
270.483,  0.25,  2.03645e-18
270.483,  0.25,  2.03645e-18
270.483,  0.25,  2.03645e-18
270.417,  0.26,  1.5209e-17
270.417,  0.26,  1.5209e-17
270.417,  0.26,  1.5209e-17
270.417,  0.26,  1.5209e-17
270.417,  0.26,  1.5209e-17
270.417,  0.26,  1.5209e-17
270.417,  0.26,  1.5209e-17
270.417,  0.26,  1.5209e-17
270.417,  0.26,  1.5209e-17
270.417,  0.26,  1.5209e-17
270.417,  0.26,  1.5209e-17
270.417,  0.26,  1.5209e-17
270.417,  0.26,  1.5209e-17
270.417,  0.26,  1.5209e-17
270.417,  0.26,  1.5209e-17
270.417,  0.26,  1.5209e-17
270.417,  0.26,  1.5209e-17
270.417,  0.26,  1.5209e-17
270.417,  0.26,  1.5209e-17
270.417,  0.26,  1.5209e-17
270.417,  0.26,  1.5209e-17
270.417,  0.26,  1.5209e-17
270.35,  0.27,  9.85141e-17
270.35,  0.27,  9.85141e-17
270.35,  0.27,  9.85141e-17
270.35,  0.27,  9.85141e-17
270.35,  0.27,  9.85141e-17
270.35,  0.27,  9.85141e-17
270.35,  0.27,  9.85141e-17
270.35,  0.27,  9.85141e-17
270.35,  0.27,  9.85141e-17
270.35,  0.27,  9.85141e-17
270.35,  0.27,  9.85141e-17
270.35,  0.27,  9.85141e-17
270.35,  0.27,  9.85141e-17
270.35,  0.27,  9.85141e-17
270.35,  0.27,  9.85141e-17
270.35,  0.27,  9.85141e-17
270.35,  0.27,  9.85141e-17
270.35,  0.27,  9.85141e-17
270.35,  0.27,  9.85141e-17
270.35,  0.27,  9.85141e-17
270.35,  0.27,  9.85141e-17
270.35,  0.27,  9.85141e-17
270.283,  0.28,  5.60806e-16
270.283,  0.28,  5.60806e-16
270.283,  0.28,  5.60806e-16
270.283,  0.28,  5.60806e-16
270.283,  0.28,  5.60806e-16
270.283,  0.28,  5.60806e-16
270.283,  0.28,  5.60806e-16
270.283,  0.28,  5.60806e-16
270.283,  0.28,  5.60806e-16
270.283,  0.28,  5.60806e-16
270.283,  0.28,  5.60806e-16
270.283,  0.28,  5.60806e-16
270.283,  0.28,  5.60806e-16
270.283,  0.28,  5.60806e-16
270.283,  0.28,  5.60806e-16
270.283,  0.28,  5.60806e-16
270.283,  0.28,  5.60806e-16
270.283,  0.28,  5.60806e-16
270.283,  0.28,  5.60806e-16
270.283,  0.28,  5.60806e-16
270.283,  0.28,  5.60806e-16
270.283,  0.28,  5.60806e-16
270.217,  0.29,  2.83879e-15
270.217,  0.29,  2.83879e-15
270.217,  0.29,  2.83879e-15
270.217,  0.29,  2.83879e-15
270.217,  0.29,  2.83879e-15
270.217,  0.29,  2.83879e-15
270.217,  0.29,  2.83879e-15
270.217,  0.29,  2.83879e-15
270.217,  0.29,  2.83879e-15
270.217,  0.29,  2.83879e-15
270.217,  0.29,  2.83879e-15
270.217,  0.29,  2.83879e-15
270.217,  0.29,  2.83879e-15
270.217,  0.29,  2.83879e-15
270.217,  0.29,  2.83879e-15
270.217,  0.29,  2.83879e-15
270.217,  0.29,  2.83879e-15
270.217,  0.29,  2.83879e-15
270.217,  0.29,  2.83879e-15
270.217,  0.29,  2.83879e-15
270.217,  0.29,  2.83879e-15
270.217,  0.29,  2.83879e-15
270.15,  0.3,  3.49716e-10
270.15,  0.3,  3.49716e-10
270.15,  0.3,  3.49716e-10
270.15,  0.3,  3.49716e-10
270.15,  0.3,  3.49716e-10
270.15,  0.3,  3.49716e-10
270.15,  0.3,  3.49716e-10
270.15,  0.3,  3.49716e-10
270.15,  0.3,  3.49716e-10
270.15,  0.3,  3.49716e-10
270.15,  0.3,  3.49716e-10
270.15,  0.3,  3.49716e-10
270.15,  0.3,  3.49716e-10
270.15,  0.3,  3.49716e-10
270.15,  0.3,  3.49716e-10
270.15,  0.3,  3.49716e-10
270.15,  0.3,  3.49716e-10
270.15,  0.3,  3.49716e-10
270.15,  0.3,  3.49716e-10
270.15,  0.3,  3.49716e-10
270.15,  0.3,  3.49716e-10
270.15,  0.3,  3.49716e-10
270.083,  0.31,  9.83931e-10
270.083,  0.31,  9.83931e-10
270.083,  0.31,  9.83931e-10
270.083,  0.31,  9.83931e-10
270.083,  0.31,  9.83931e-10
270.083,  0.31,  9.83931e-10
270.083,  0.31,  9.83931e-10
270.083,  0.31,  9.83931e-10
270.083,  0.31,  9.83931e-10
270.083,  0.31,  9.83931e-10
270.083,  0.31,  9.83931e-10
270.083,  0.31,  9.83931e-10
270.083,  0.31,  9.83931e-10
270.083,  0.31,  9.83931e-10
270.083,  0.31,  9.83931e-10
270.083,  0.31,  9.83931e-10
270.083,  0.31,  9.83931e-10
270.083,  0.31,  9.83931e-10
270.083,  0.31,  9.83931e-10
270.083,  0.31,  9.83931e-10
270.083,  0.31,  9.83931e-10
270.083,  0.31,  9.83931e-10
270.017,  0.32,  2.58033e-09
270.017,  0.32,  2.58033e-09
270.017,  0.32,  2.58033e-09
270.017,  0.32,  2.58033e-09
270.017,  0.32,  2.58033e-09
270.017,  0.32,  2.58033e-09
270.017,  0.32,  2.58033e-09
270.017,  0.32,  2.58033e-09
270.017,  0.32,  2.58033e-09
270.017,  0.32,  2.58033e-09
270.017,  0.32,  2.58033e-09
270.017,  0.32,  2.58033e-09
270.017,  0.32,  2.58033e-09
270.017,  0.32,  2.58033e-09
270.017,  0.32,  2.58033e-09
270.017,  0.32,  2.58033e-09
270.017,  0.32,  2.58033e-09
270.017,  0.32,  2.58033e-09
270.017,  0.32,  2.58033e-09
270.017,  0.32,  2.58033e-09
270.017,  0.32,  2.58033e-09
270.017,  0.32,  2.58033e-09
269.95,  0.33,  6.34728e-09
269.95,  0.33,  6.34728e-09
269.95,  0.33,  6.34728e-09
269.95,  0.33,  6.34728e-09
269.95,  0.33,  6.34728e-09
269.95,  0.33,  6.34728e-09
269.95,  0.33,  6.34728e-09
269.95,  0.33,  6.34728e-09
269.95,  0.33,  6.34728e-09
269.95,  0.33,  6.34728e-09
269.95,  0.33,  6.34728e-09
269.95,  0.33,  6.34728e-09
269.95,  0.33,  6.34728e-09
269.95,  0.33,  6.34728e-09
269.95,  0.33,  6.34728e-09
269.95,  0.33,  6.34728e-09
269.95,  0.33,  6.34728e-09
269.95,  0.33,  6.34728e-09
269.95,  0.33,  6.34728e-09
269.95,  0.33,  6.34728e-09
269.95,  0.33,  6.34728e-09
269.95,  0.33,  6.34728e-09
269.883,  0.34,  1.47278e-08
269.883,  0.34,  1.47278e-08
269.883,  0.34,  1.47278e-08
269.883,  0.34,  1.47278e-08
269.883,  0.34,  1.47278e-08
269.883,  0.34,  1.47278e-08
269.883,  0.34,  1.47278e-08
269.883,  0.34,  1.47278e-08
269.883,  0.34,  1.47278e-08
269.883,  0.34,  1.47278e-08
269.883,  0.34,  1.47278e-08
269.883,  0.34,  1.47278e-08
269.883,  0.34,  1.47278e-08
269.883,  0.34,  1.47278e-08
269.883,  0.34,  1.47278e-08
269.883,  0.34,  1.47278e-08
269.883,  0.34,  1.47278e-08
269.883,  0.34,  1.47278e-08
269.883,  0.34,  1.47278e-08
269.883,  0.34,  1.47278e-08
269.883,  0.34,  1.47278e-08
269.883,  0.34,  1.47278e-08
269.817,  0.35,  3.23968e-08
269.817,  0.35,  3.23968e-08
269.817,  0.35,  3.23968e-08
269.817,  0.35,  3.23968e-08
269.817,  0.35,  3.23968e-08
269.817,  0.35,  3.23968e-08
269.817,  0.35,  3.23968e-08
269.817,  0.35,  3.23968e-08
269.817,  0.35,  3.23968e-08
269.817,  0.35,  3.23968e-08
269.817,  0.35,  3.23968e-08
269.817,  0.35,  3.23968e-08
269.817,  0.35,  3.23968e-08
269.817,  0.35,  3.23968e-08
269.817,  0.35,  3.23968e-08
269.817,  0.35,  3.23968e-08
269.817,  0.35,  3.23968e-08
269.817,  0.35,  3.23968e-08
269.817,  0.35,  3.23968e-08
269.817,  0.35,  3.23968e-08
269.817,  0.35,  3.23968e-08
269.817,  0.35,  3.23968e-08
269.75,  0.36,  6.7862e-08
269.75,  0.36,  6.7862e-08
269.75,  0.36,  6.7862e-08
269.75,  0.36,  6.7862e-08
269.75,  0.36,  6.7862e-08
269.75,  0.36,  6.7862e-08
269.75,  0.36,  6.7862e-08
269.75,  0.36,  6.7862e-08
269.75,  0.36,  6.7862e-08
269.75,  0.36,  6.7862e-08
269.75,  0.36,  6.7862e-08
269.75,  0.36,  6.7862e-08
269.75,  0.36,  6.7862e-08
269.75,  0.36,  6.7862e-08
269.75,  0.36,  6.7862e-08
269.75,  0.36,  6.7862e-08
269.75,  0.36,  6.7862e-08
269.75,  0.36,  6.7862e-08
269.75,  0.36,  6.7862e-08
269.75,  0.36,  6.7862e-08
269.75,  0.36,  6.7862e-08
269.75,  0.36,  6.7862e-08
269.683,  0.37,  1.35912e-07
269.683,  0.37,  1.35912e-07
269.683,  0.37,  1.35912e-07
269.683,  0.37,  1.35912e-07
269.683,  0.37,  1.35912e-07
269.683,  0.37,  1.35912e-07
269.683,  0.37,  1.35912e-07
269.683,  0.37,  1.35912e-07
269.683,  0.37,  1.35912e-07
269.683,  0.37,  1.35912e-07
269.683,  0.37,  1.35912e-07
269.683,  0.37,  1.35912e-07
269.683,  0.37,  1.35912e-07
269.683,  0.37,  1.35912e-07
269.683,  0.37,  1.35912e-07
269.683,  0.37,  1.35912e-07
269.683,  0.37,  1.35912e-07
269.683,  0.37,  1.35912e-07
269.683,  0.37,  1.35912e-07
269.683,  0.37,  1.35912e-07
269.683,  0.37,  1.35912e-07
269.683,  0.37,  1.35912e-07
269.617,  0.38,  2.61194e-07
269.617,  0.38,  2.61194e-07
269.617,  0.38,  2.61194e-07
269.617,  0.38,  2.61194e-07
269.617,  0.38,  2.61194e-07
269.617,  0.38,  2.61194e-07
269.617,  0.38,  2.61194e-07
269.617,  0.38,  2.61194e-07
269.617,  0.38,  2.61194e-07
269.617,  0.38,  2.61194e-07
269.617,  0.38,  2.61194e-07
269.617,  0.38,  2.61194e-07
269.617,  0.38,  2.61194e-07
269.617,  0.38,  2.61194e-07
269.617,  0.38,  2.61194e-07
269.617,  0.38,  2.61194e-07
269.617,  0.38,  2.61194e-07
269.617,  0.38,  2.61194e-07
269.617,  0.38,  2.61194e-07
269.617,  0.38,  2.61194e-07
269.617,  0.38,  2.61194e-07
269.617,  0.38,  2.61194e-07
269.55,  0.39,  4.83235e-07
269.55,  0.39,  4.83235e-07
269.55,  0.39,  4.83235e-07
269.55,  0.39,  4.83235e-07
269.55,  0.39,  4.83235e-07
269.55,  0.39,  4.83235e-07
269.55,  0.39,  4.83235e-07
269.55,  0.39,  4.83235e-07
269.55,  0.39,  4.83235e-07
269.55,  0.39,  4.83235e-07
269.55,  0.39,  4.83235e-07
269.55,  0.39,  4.83235e-07
269.55,  0.39,  4.83235e-07
269.55,  0.39,  4.83235e-07
269.55,  0.39,  4.83235e-07
269.55,  0.39,  4.83235e-07
269.55,  0.39,  4.83235e-07
269.55,  0.39,  4.83235e-07
269.55,  0.39,  4.83235e-07
269.55,  0.39,  4.83235e-07
269.55,  0.39,  4.83235e-07
269.55,  0.39,  4.83235e-07
269.483,  0.4,  6.73352e-06
269.483,  0.4,  6.73352e-06
269.483,  0.4,  6.73352e-06
269.483,  0.4,  6.73352e-06
269.483,  0.4,  6.73352e-06
269.483,  0.4,  6.73352e-06
269.483,  0.4,  6.73352e-06
269.483,  0.4,  6.73352e-06
269.483,  0.4,  6.73352e-06
269.483,  0.4,  6.73352e-06
269.483,  0.4,  6.73352e-06
269.483,  0.4,  6.73352e-06
269.483,  0.4,  6.73352e-06
269.483,  0.4,  6.73352e-06
269.483,  0.4,  6.73352e-06
269.483,  0.4,  6.73352e-06
269.483,  0.4,  6.73352e-06
269.483,  0.4,  6.73352e-06
269.483,  0.4,  6.73352e-06
269.483,  0.4,  6.73352e-06
269.483,  0.4,  6.73352e-06
269.483,  0.4,  6.73352e-06
269.417,  0.41,  1.07573e-05
269.417,  0.41,  1.07573e-05
269.417,  0.41,  1.07573e-05
269.417,  0.41,  1.07573e-05
269.417,  0.41,  1.07573e-05
269.417,  0.41,  1.07573e-05
269.417,  0.41,  1.07573e-05
269.417,  0.41,  1.07573e-05
269.417,  0.41,  1.07573e-05
269.417,  0.41,  1.07573e-05
269.417,  0.41,  1.07573e-05
269.417,  0.41,  1.07573e-05
269.417,  0.41,  1.07573e-05
269.417,  0.41,  1.07573e-05
269.417,  0.41,  1.07573e-05
269.417,  0.41,  1.07573e-05
269.417,  0.41,  1.07573e-05
269.417,  0.41,  1.07573e-05
269.417,  0.41,  1.07573e-05
269.417,  0.41,  1.07573e-05
269.417,  0.41,  1.07573e-05
269.417,  0.41,  1.07573e-05
269.35,  0.42,  1.67424e-05
269.35,  0.42,  1.67424e-05
269.35,  0.42,  1.67424e-05
269.35,  0.42,  1.67424e-05
269.35,  0.42,  1.67424e-05
269.35,  0.42,  1.67424e-05
269.35,  0.42,  1.67424e-05
269.35,  0.42,  1.67424e-05
269.35,  0.42,  1.67424e-05
269.35,  0.42,  1.67424e-05
269.35,  0.42,  1.67424e-05
269.35,  0.42,  1.67424e-05
269.35,  0.42,  1.67424e-05
269.35,  0.42,  1.67424e-05
269.35,  0.42,  1.67424e-05
269.35,  0.42,  1.67424e-05
269.35,  0.42,  1.67424e-05
269.35,  0.42,  1.67424e-05
269.35,  0.42,  1.67424e-05
269.35,  0.42,  1.67424e-05
269.35,  0.42,  1.67424e-05
269.35,  0.42,  1.67424e-05
269.283,  0.43,  2.54348e-05
269.283,  0.43,  2.54348e-05
269.283,  0.43,  2.54348e-05
269.283,  0.43,  2.54348e-05
269.283,  0.43,  2.54348e-05
269.283,  0.43,  2.54348e-05
269.283,  0.43,  2.54348e-05
269.283,  0.43,  2.54348e-05
269.283,  0.43,  2.54348e-05
269.283,  0.43,  2.54348e-05
269.283,  0.43,  2.54348e-05
269.283,  0.43,  2.54348e-05
269.283,  0.43,  2.54348e-05
269.283,  0.43,  2.54348e-05
269.283,  0.43,  2.54348e-05
269.283,  0.43,  2.54348e-05
269.283,  0.43,  2.54348e-05
269.283,  0.43,  2.54348e-05
269.283,  0.43,  2.54348e-05
269.283,  0.43,  2.54348e-05
269.283,  0.43,  2.54348e-05
269.283,  0.43,  2.54348e-05
269.217,  0.44,  3.7784e-05
269.217,  0.44,  3.7784e-05
269.217,  0.44,  3.7784e-05
269.217,  0.44,  3.7784e-05
269.217,  0.44,  3.7784e-05
269.217,  0.44,  3.7784e-05
269.217,  0.44,  3.7784e-05
269.217,  0.44,  3.7784e-05
269.217,  0.44,  3.7784e-05
269.217,  0.44,  3.7784e-05
269.217,  0.44,  3.7784e-05
269.217,  0.44,  3.7784e-05
269.217,  0.44,  3.7784e-05
269.217,  0.44,  3.7784e-05
269.217,  0.44,  3.7784e-05
269.217,  0.44,  3.7784e-05
269.217,  0.44,  3.7784e-05
269.217,  0.44,  3.7784e-05
269.217,  0.44,  3.7784e-05
269.217,  0.44,  3.7784e-05
269.217,  0.44,  3.7784e-05
269.217,  0.44,  3.7784e-05
269.15,  0.45,  5.49737e-05
269.15,  0.45,  5.49737e-05
269.15,  0.45,  5.49737e-05
269.15,  0.45,  5.49737e-05
269.15,  0.45,  5.49737e-05
269.15,  0.45,  5.49737e-05
269.15,  0.45,  5.49737e-05
269.15,  0.45,  5.49737e-05
269.15,  0.45,  5.49737e-05
269.15,  0.45,  5.49737e-05
269.15,  0.45,  5.49737e-05
269.15,  0.45,  5.49737e-05
269.15,  0.45,  5.49737e-05
269.15,  0.45,  5.49737e-05
269.15,  0.45,  5.49737e-05
269.15,  0.45,  5.49737e-05
269.15,  0.45,  5.49737e-05
269.15,  0.45,  5.49737e-05
269.15,  0.45,  5.49737e-05
269.15,  0.45,  5.49737e-05
269.15,  0.45,  5.49737e-05
269.15,  0.45,  5.49737e-05
269.083,  0.46,  7.8453e-05
269.083,  0.46,  7.8453e-05
269.083,  0.46,  7.8453e-05
269.083,  0.46,  7.8453e-05
269.083,  0.46,  7.8453e-05
269.083,  0.46,  7.8453e-05
269.083,  0.46,  7.8453e-05
269.083,  0.46,  7.8453e-05
269.083,  0.46,  7.8453e-05
269.083,  0.46,  7.8453e-05
269.083,  0.46,  7.8453e-05
269.083,  0.46,  7.8453e-05
269.083,  0.46,  7.8453e-05
269.083,  0.46,  7.8453e-05
269.083,  0.46,  7.8453e-05
269.083,  0.46,  7.8453e-05
269.083,  0.46,  7.8453e-05
269.083,  0.46,  7.8453e-05
269.083,  0.46,  7.8453e-05
269.083,  0.46,  7.8453e-05
269.083,  0.46,  7.8453e-05
269.083,  0.46,  7.8453e-05
269.017,  0.47,  0.000109965
269.017,  0.47,  0.000109965
269.017,  0.47,  0.000109965
269.017,  0.47,  0.000109965
269.017,  0.47,  0.000109965
269.017,  0.47,  0.000109965
269.017,  0.47,  0.000109965
269.017,  0.47,  0.000109965
269.017,  0.47,  0.000109965
269.017,  0.47,  0.000109965
269.017,  0.47,  0.000109965
269.017,  0.47,  0.000109965
269.017,  0.47,  0.000109965
269.017,  0.47,  0.000109965
269.017,  0.47,  0.000109965
269.017,  0.47,  0.000109965
269.017,  0.47,  0.000109965
269.017,  0.47,  0.000109965
269.017,  0.47,  0.000109965
269.017,  0.47,  0.000109965
269.017,  0.47,  0.000109965
269.017,  0.47,  0.000109965
268.95,  0.48,  0.000151572
268.95,  0.48,  0.000151572
268.95,  0.48,  0.000151572
268.95,  0.48,  0.000151572
268.95,  0.48,  0.000151572
268.95,  0.48,  0.000151572
268.95,  0.48,  0.000151572
268.95,  0.48,  0.000151572
268.95,  0.48,  0.000151572
268.95,  0.48,  0.000151572
268.95,  0.48,  0.000151572
268.95,  0.48,  0.000151572
268.95,  0.48,  0.000151572
268.95,  0.48,  0.000151572
268.95,  0.48,  0.000151572
268.95,  0.48,  0.000151572
268.95,  0.48,  0.000151572
268.95,  0.48,  0.000151572
268.95,  0.48,  0.000151572
268.95,  0.48,  0.000151572
268.95,  0.48,  0.000151572
268.95,  0.48,  0.000151572
268.883,  0.49,  0.000205683
268.883,  0.49,  0.000205683
268.883,  0.49,  0.000205683
268.883,  0.49,  0.000205683
268.883,  0.49,  0.000205683
268.883,  0.49,  0.000205683
268.883,  0.49,  0.000205683
268.883,  0.49,  0.000205683
268.883,  0.49,  0.000205683
268.883,  0.49,  0.000205683
268.883,  0.49,  0.000205683
268.883,  0.49,  0.000205683
268.883,  0.49,  0.000205683
268.883,  0.49,  0.000205683
268.883,  0.49,  0.000205683
268.883,  0.49,  0.000205683
268.883,  0.49,  0.000205683
268.883,  0.49,  0.000205683
268.883,  0.49,  0.000205683
268.883,  0.49,  0.000205683
268.883,  0.49,  0.000205683
268.883,  0.49,  0.000205683
268.817,  0.5,  0.000507137
268.817,  0.5,  0.000507137
268.817,  0.5,  0.000507137
268.817,  0.5,  0.000507137
268.817,  0.5,  0.000507137
268.817,  0.5,  0.000507137
268.817,  0.5,  0.000507137
268.817,  0.5,  0.000507137
268.817,  0.5,  0.000507137
268.817,  0.5,  0.000507137
268.817,  0.5,  0.000507137
268.817,  0.5,  0.000507137
268.817,  0.5,  0.000507137
268.817,  0.5,  0.000507137
268.817,  0.5,  0.000507137
268.817,  0.5,  0.000507137
268.817,  0.5,  0.000507137
268.817,  0.5,  0.000507137
268.817,  0.5,  0.000507137
268.817,  0.5,  0.000507137
268.817,  0.5,  0.000507137
268.817,  0.5,  0.000507137
268.75,  0.51,  0.000655044
268.75,  0.51,  0.000655044
268.75,  0.51,  0.000655044
268.75,  0.51,  0.000655044
268.75,  0.51,  0.000655044
268.75,  0.51,  0.000655044
268.75,  0.51,  0.000655044
268.75,  0.51,  0.000655044
268.75,  0.51,  0.000655044
268.75,  0.51,  0.000655044
268.75,  0.51,  0.000655044
268.75,  0.51,  0.000655044
268.75,  0.51,  0.000655044
268.75,  0.51,  0.000655044
268.75,  0.51,  0.000655044
268.75,  0.51,  0.000655044
268.75,  0.51,  0.000655044
268.75,  0.51,  0.000655044
268.75,  0.51,  0.000655044
268.75,  0.51,  0.000655044
268.75,  0.51,  0.000655044
268.75,  0.51,  0.000655044
268.683,  0.52,  0.000836421
268.683,  0.52,  0.000836421
268.683,  0.52,  0.000836421
268.683,  0.52,  0.000836421
268.683,  0.52,  0.000836421
268.683,  0.52,  0.000836421
268.683,  0.52,  0.000836421
268.683,  0.52,  0.000836421
268.683,  0.52,  0.000836421
268.683,  0.52,  0.000836421
268.683,  0.52,  0.000836421
268.683,  0.52,  0.000836421
268.683,  0.52,  0.000836421
268.683,  0.52,  0.000836421
268.683,  0.52,  0.000836421
268.683,  0.52,  0.000836421
268.683,  0.52,  0.000836421
268.683,  0.52,  0.000836421
268.683,  0.52,  0.000836421
268.683,  0.52,  0.000836421
268.683,  0.52,  0.000836421
268.683,  0.52,  0.000836421
268.617,  0.53,  0.0010566
268.617,  0.53,  0.0010566
268.617,  0.53,  0.0010566
268.617,  0.53,  0.0010566
268.617,  0.53,  0.0010566
268.617,  0.53,  0.0010566
268.617,  0.53,  0.0010566
268.617,  0.53,  0.0010566
268.617,  0.53,  0.0010566
268.617,  0.53,  0.0010566
268.617,  0.53,  0.0010566
268.617,  0.53,  0.0010566
268.617,  0.53,  0.0010566
268.617,  0.53,  0.0010566
268.617,  0.53,  0.0010566
268.617,  0.53,  0.0010566
268.617,  0.53,  0.0010566
268.617,  0.53,  0.0010566
268.617,  0.53,  0.0010566
268.617,  0.53,  0.0010566
268.617,  0.53,  0.0010566
268.617,  0.53,  0.0010566
268.55,  0.54,  0.00132137
268.55,  0.54,  0.00132137
268.55,  0.54,  0.00132137
268.55,  0.54,  0.00132137
268.55,  0.54,  0.00132137
268.55,  0.54,  0.00132137
268.55,  0.54,  0.00132137
268.55,  0.54,  0.00132137
268.55,  0.54,  0.00132137
268.55,  0.54,  0.00132137
268.55,  0.54,  0.00132137
268.55,  0.54,  0.00132137
268.55,  0.54,  0.00132137
268.55,  0.54,  0.00132137
268.55,  0.54,  0.00132137
268.55,  0.54,  0.00132137
268.55,  0.54,  0.00132137
268.55,  0.54,  0.00132137
268.55,  0.54,  0.00132137
268.55,  0.54,  0.00132137
268.55,  0.54,  0.00132137
268.55,  0.54,  0.00132137
268.483,  0.55,  0.00163696
268.483,  0.55,  0.00163696
268.483,  0.55,  0.00163696
268.483,  0.55,  0.00163696
268.483,  0.55,  0.00163696
268.483,  0.55,  0.00163696
268.483,  0.55,  0.00163696
268.483,  0.55,  0.00163696
268.483,  0.55,  0.00163696
268.483,  0.55,  0.00163696
268.483,  0.55,  0.00163696
268.483,  0.55,  0.00163696
268.483,  0.55,  0.00163696
268.483,  0.55,  0.00163696
268.483,  0.55,  0.00163696
268.483,  0.55,  0.00163696
268.483,  0.55,  0.00163696
268.483,  0.55,  0.00163696
268.483,  0.55,  0.00163696
268.483,  0.55,  0.00163696
268.483,  0.55,  0.00163696
268.483,  0.55,  0.00163696
268.417,  0.56,  0.00201005
268.417,  0.56,  0.00201005
268.417,  0.56,  0.00201005
268.417,  0.56,  0.00201005
268.417,  0.56,  0.00201005
268.417,  0.56,  0.00201005
268.417,  0.56,  0.00201005
268.417,  0.56,  0.00201005
268.417,  0.56,  0.00201005
268.417,  0.56,  0.00201005
268.417,  0.56,  0.00201005
268.417,  0.56,  0.00201005
268.417,  0.56,  0.00201005
268.417,  0.56,  0.00201005
268.417,  0.56,  0.00201005
268.417,  0.56,  0.00201005
268.417,  0.56,  0.00201005
268.417,  0.56,  0.00201005
268.417,  0.56,  0.00201005
268.417,  0.56,  0.00201005
268.417,  0.56,  0.00201005
268.417,  0.56,  0.00201005
268.35,  0.57,  0.00244772
268.35,  0.57,  0.00244772
268.35,  0.57,  0.00244772
268.35,  0.57,  0.00244772
268.35,  0.57,  0.00244772
268.35,  0.57,  0.00244772
268.35,  0.57,  0.00244772
268.35,  0.57,  0.00244772
268.35,  0.57,  0.00244772
268.35,  0.57,  0.00244772
268.35,  0.57,  0.00244772
268.35,  0.57,  0.00244772
268.35,  0.57,  0.00244772
268.35,  0.57,  0.00244772
268.35,  0.57,  0.00244772
268.35,  0.57,  0.00244772
268.35,  0.57,  0.00244772
268.35,  0.57,  0.00244772
268.35,  0.57,  0.00244772
268.35,  0.57,  0.00244772
268.35,  0.57,  0.00244772
268.35,  0.57,  0.00244772
268.283,  0.58,  0.00295746
268.283,  0.58,  0.00295746
268.283,  0.58,  0.00295746
268.283,  0.58,  0.00295746
268.283,  0.58,  0.00295746
268.283,  0.58,  0.00295746
268.283,  0.58,  0.00295746
268.283,  0.58,  0.00295746
268.283,  0.58,  0.00295746
268.283,  0.58,  0.00295746
268.283,  0.58,  0.00295746
268.283,  0.58,  0.00295746
268.283,  0.58,  0.00295746
268.283,  0.58,  0.00295746
268.283,  0.58,  0.00295746
268.283,  0.58,  0.00295746
268.283,  0.58,  0.00295746
268.283,  0.58,  0.00295746
268.283,  0.58,  0.00295746
268.283,  0.58,  0.00295746
268.283,  0.58,  0.00295746
268.283,  0.58,  0.00295746
268.217,  0.59,  0.00354712
268.217,  0.59,  0.00354712
268.217,  0.59,  0.00354712
268.217,  0.59,  0.00354712
268.217,  0.59,  0.00354712
268.217,  0.59,  0.00354712
268.217,  0.59,  0.00354712
268.217,  0.59,  0.00354712
268.217,  0.59,  0.00354712
268.217,  0.59,  0.00354712
268.217,  0.59,  0.00354712
268.217,  0.59,  0.00354712
268.217,  0.59,  0.00354712
268.217,  0.59,  0.00354712
268.217,  0.59,  0.00354712
268.217,  0.59,  0.00354712
268.217,  0.59,  0.00354712
268.217,  0.59,  0.00354712
268.217,  0.59,  0.00354712
268.217,  0.59,  0.00354712
268.217,  0.59,  0.00354712
268.217,  0.59,  0.00354712
268.15,  0.6,  0.00565032
268.15,  0.6,  0.00565032
268.15,  0.6,  0.00565032
268.15,  0.6,  0.00565032
268.15,  0.6,  0.00565032
268.15,  0.6,  0.00565032
268.15,  0.6,  0.00565032
268.15,  0.6,  0.00565032
268.15,  0.6,  0.00565032
268.15,  0.6,  0.00565032
268.15,  0.6,  0.00565032
268.15,  0.6,  0.00565032
268.15,  0.6,  0.00565032
268.15,  0.6,  0.00565032
268.15,  0.6,  0.00565032
268.15,  0.6,  0.00565032
268.15,  0.6,  0.00565032
268.15,  0.6,  0.00565032
268.15,  0.6,  0.00565032
268.15,  0.6,  0.00565032
268.15,  0.6,  0.00565032
268.15,  0.6,  0.00565032
268.083,  0.61,  0.00665438
268.083,  0.61,  0.00665438
268.083,  0.61,  0.00665438
268.083,  0.61,  0.00665438
268.083,  0.61,  0.00665438
268.083,  0.61,  0.00665438
268.083,  0.61,  0.00665438
268.083,  0.61,  0.00665438
268.083,  0.61,  0.00665438
268.083,  0.61,  0.00665438
268.083,  0.61,  0.00665438
268.083,  0.61,  0.00665438
268.083,  0.61,  0.00665438
268.083,  0.61,  0.00665438
268.083,  0.61,  0.00665438
268.083,  0.61,  0.00665438
268.083,  0.61,  0.00665438
268.083,  0.61,  0.00665438
268.083,  0.61,  0.00665438
268.083,  0.61,  0.00665438
268.083,  0.61,  0.00665438
268.083,  0.61,  0.00665438
268.017,  0.62,  0.00779053
268.017,  0.62,  0.00779053
268.017,  0.62,  0.00779053
268.017,  0.62,  0.00779053
268.017,  0.62,  0.00779053
268.017,  0.62,  0.00779053
268.017,  0.62,  0.00779053
268.017,  0.62,  0.00779053
268.017,  0.62,  0.00779053
268.017,  0.62,  0.00779053
268.017,  0.62,  0.00779053
268.017,  0.62,  0.00779053
268.017,  0.62,  0.00779053
268.017,  0.62,  0.00779053
268.017,  0.62,  0.00779053
268.017,  0.62,  0.00779053
268.017,  0.62,  0.00779053
268.017,  0.62,  0.00779053
268.017,  0.62,  0.00779053
268.017,  0.62,  0.00779053
268.017,  0.62,  0.00779053
268.017,  0.62,  0.00779053
267.95,  0.63,  0.00906959
267.95,  0.63,  0.00906959
267.95,  0.63,  0.00906959
267.95,  0.63,  0.00906959
267.95,  0.63,  0.00906959
267.95,  0.63,  0.00906959
267.95,  0.63,  0.00906959
267.95,  0.63,  0.00906959
267.95,  0.63,  0.00906959
267.95,  0.63,  0.00906959
267.95,  0.63,  0.00906959
267.95,  0.63,  0.00906959
267.95,  0.63,  0.00906959
267.95,  0.63,  0.00906959
267.95,  0.63,  0.00906959
267.95,  0.63,  0.00906959
267.95,  0.63,  0.00906959
267.95,  0.63,  0.00906959
267.95,  0.63,  0.00906959
267.95,  0.63,  0.00906959
267.95,  0.63,  0.00906959
267.95,  0.63,  0.00906959
267.883,  0.64,  0.0105026
267.883,  0.64,  0.0105026
267.883,  0.64,  0.0105026
267.883,  0.64,  0.0105026
267.883,  0.64,  0.0105026
267.883,  0.64,  0.0105026
267.883,  0.64,  0.0105026
267.883,  0.64,  0.0105026
267.883,  0.64,  0.0105026
267.883,  0.64,  0.0105026
267.883,  0.64,  0.0105026
267.883,  0.64,  0.0105026
267.883,  0.64,  0.0105026
267.883,  0.64,  0.0105026
267.883,  0.64,  0.0105026
267.883,  0.64,  0.0105026
267.883,  0.64,  0.0105026
267.883,  0.64,  0.0105026
267.883,  0.64,  0.0105026
267.883,  0.64,  0.0105026
267.883,  0.64,  0.0105026
267.883,  0.64,  0.0105026
267.817,  0.65,  0.0121007
267.817,  0.65,  0.0121007
267.817,  0.65,  0.0121007
267.817,  0.65,  0.0121007
267.817,  0.65,  0.0121007
267.817,  0.65,  0.0121007
267.817,  0.65,  0.0121007
267.817,  0.65,  0.0121007
267.817,  0.65,  0.0121007
267.817,  0.65,  0.0121007
267.817,  0.65,  0.0121007
267.817,  0.65,  0.0121007
267.817,  0.65,  0.0121007
267.817,  0.65,  0.0121007
267.817,  0.65,  0.0121007
267.817,  0.65,  0.0121007
267.817,  0.65,  0.0121007
267.817,  0.65,  0.0121007
267.817,  0.65,  0.0121007
267.817,  0.65,  0.0121007
267.817,  0.65,  0.0121007
267.817,  0.65,  0.0121007
267.75,  0.66,  0.0138753
267.75,  0.66,  0.0138753
267.75,  0.66,  0.0138753
267.75,  0.66,  0.0138753
267.75,  0.66,  0.0138753
267.75,  0.66,  0.0138753
267.75,  0.66,  0.0138753
267.75,  0.66,  0.0138753
267.75,  0.66,  0.0138753
267.75,  0.66,  0.0138753
267.75,  0.66,  0.0138753
267.75,  0.66,  0.0138753
267.75,  0.66,  0.0138753
267.75,  0.66,  0.0138753
267.75,  0.66,  0.0138753
267.75,  0.66,  0.0138753
267.75,  0.66,  0.0138753
267.75,  0.66,  0.0138753
267.75,  0.66,  0.0138753
267.75,  0.66,  0.0138753
267.75,  0.66,  0.0138753
267.75,  0.66,  0.0138753
267.683,  0.67,  0.0158377
267.683,  0.67,  0.0158377
267.683,  0.67,  0.0158377
267.683,  0.67,  0.0158377
267.683,  0.67,  0.0158377
267.683,  0.67,  0.0158377
267.683,  0.67,  0.0158377
267.683,  0.67,  0.0158377
267.683,  0.67,  0.0158377
267.683,  0.67,  0.0158377
267.683,  0.67,  0.0158377
267.683,  0.67,  0.0158377
267.683,  0.67,  0.0158377
267.683,  0.67,  0.0158377
267.683,  0.67,  0.0158377
267.683,  0.67,  0.0158377
267.683,  0.67,  0.0158377
267.683,  0.67,  0.0158377
267.683,  0.67,  0.0158377
267.683,  0.67,  0.0158377
267.683,  0.67,  0.0158377
267.683,  0.67,  0.0158377
267.617,  0.68,  0.0179994
267.617,  0.68,  0.0179994
267.617,  0.68,  0.0179994
267.617,  0.68,  0.0179994
267.617,  0.68,  0.0179994
267.617,  0.68,  0.0179994
267.617,  0.68,  0.0179994
267.617,  0.68,  0.0179994
267.617,  0.68,  0.0179994
267.617,  0.68,  0.0179994
267.617,  0.68,  0.0179994
267.617,  0.68,  0.0179994
267.617,  0.68,  0.0179994
267.617,  0.68,  0.0179994
267.617,  0.68,  0.0179994
267.617,  0.68,  0.0179994
267.617,  0.68,  0.0179994
267.617,  0.68,  0.0179994
267.617,  0.68,  0.0179994
267.617,  0.68,  0.0179994
267.617,  0.68,  0.0179994
267.617,  0.68,  0.0179994
267.55,  0.69,  0.0203719
267.55,  0.69,  0.0203719
267.55,  0.69,  0.0203719
267.55,  0.69,  0.0203719
267.55,  0.69,  0.0203719
267.55,  0.69,  0.0203719
267.55,  0.69,  0.0203719
267.55,  0.69,  0.0203719
267.55,  0.69,  0.0203719
267.55,  0.69,  0.0203719
267.55,  0.69,  0.0203719
267.55,  0.69,  0.0203719
267.55,  0.69,  0.0203719
267.55,  0.69,  0.0203719
267.55,  0.69,  0.0203719
267.55,  0.69,  0.0203719
267.55,  0.69,  0.0203719
267.55,  0.69,  0.0203719
267.55,  0.69,  0.0203719
267.55,  0.69,  0.0203719
267.55,  0.69,  0.0203719
267.55,  0.69,  0.0203719
267.483,  0.7,  0.0275674
267.483,  0.7,  0.0275674
267.483,  0.7,  0.0275674
267.483,  0.7,  0.0275674
267.483,  0.7,  0.0275674
267.483,  0.7,  0.0275674
267.483,  0.7,  0.0275674
267.483,  0.7,  0.0275674
267.483,  0.7,  0.0275674
267.483,  0.7,  0.0275674
267.483,  0.7,  0.0275674
267.483,  0.7,  0.0275674
267.483,  0.7,  0.0275674
267.483,  0.7,  0.0275674
267.483,  0.7,  0.0275674
267.483,  0.7,  0.0275674
267.483,  0.7,  0.0275674
267.483,  0.7,  0.0275674
267.483,  0.7,  0.0275674
267.483,  0.7,  0.0275674
267.483,  0.7,  0.0275674
267.483,  0.7,  0.0275674
267.417,  0.71,  0.0308921
267.417,  0.71,  0.0308921
267.417,  0.71,  0.0308921
267.417,  0.71,  0.0308921
267.417,  0.71,  0.0308921
267.417,  0.71,  0.0308921
267.417,  0.71,  0.0308921
267.417,  0.71,  0.0308921
267.417,  0.71,  0.0308921
267.417,  0.71,  0.0308921
267.417,  0.71,  0.0308921
267.417,  0.71,  0.0308921
267.417,  0.71,  0.0308921
267.417,  0.71,  0.0308921
267.417,  0.71,  0.0308921
267.417,  0.71,  0.0308921
267.417,  0.71,  0.0308921
267.417,  0.71,  0.0308921
267.417,  0.71,  0.0308921
267.417,  0.71,  0.0308921
267.417,  0.71,  0.0308921
267.417,  0.71,  0.0308921
267.35,  0.72,  0.0344963
267.35,  0.72,  0.0344963
267.35,  0.72,  0.0344963
267.35,  0.72,  0.0344963
267.35,  0.72,  0.0344963
267.35,  0.72,  0.0344963
267.35,  0.72,  0.0344963
267.35,  0.72,  0.0344963
267.35,  0.72,  0.0344963
267.35,  0.72,  0.0344963
267.35,  0.72,  0.0344963
267.35,  0.72,  0.0344963
267.35,  0.72,  0.0344963
267.35,  0.72,  0.0344963
267.35,  0.72,  0.0344963
267.35,  0.72,  0.0344963
267.35,  0.72,  0.0344963
267.35,  0.72,  0.0344963
267.35,  0.72,  0.0344963
267.35,  0.72,  0.0344963
267.35,  0.72,  0.0344963
267.35,  0.72,  0.0344963
267.283,  0.73,  0.0383918
267.283,  0.73,  0.0383918
267.283,  0.73,  0.0383918
267.283,  0.73,  0.0383918
267.283,  0.73,  0.0383918
267.283,  0.73,  0.0383918
267.283,  0.73,  0.0383918
267.283,  0.73,  0.0383918
267.283,  0.73,  0.0383918
267.283,  0.73,  0.0383918
267.283,  0.73,  0.0383918
267.283,  0.73,  0.0383918
267.283,  0.73,  0.0383918
267.283,  0.73,  0.0383918
267.283,  0.73,  0.0383918
267.283,  0.73,  0.0383918
267.283,  0.73,  0.0383918
267.283,  0.73,  0.0383918
267.283,  0.73,  0.0383918
267.283,  0.73,  0.0383918
267.283,  0.73,  0.0383918
267.283,  0.73,  0.0383918
267.217,  0.74,  0.0425902
267.217,  0.74,  0.0425902
267.217,  0.74,  0.0425902
267.217,  0.74,  0.0425902
267.217,  0.74,  0.0425902
267.217,  0.74,  0.0425902
267.217,  0.74,  0.0425902
267.217,  0.74,  0.0425902
267.217,  0.74,  0.0425902
267.217,  0.74,  0.0425902
267.217,  0.74,  0.0425902
267.217,  0.74,  0.0425902
267.217,  0.74,  0.0425902
267.217,  0.74,  0.0425902
267.217,  0.74,  0.0425902
267.217,  0.74,  0.0425902
267.217,  0.74,  0.0425902
267.217,  0.74,  0.0425902
267.217,  0.74,  0.0425902
267.217,  0.74,  0.0425902
267.217,  0.74,  0.0425902
267.217,  0.74,  0.0425902
267.15,  0.75,  0.0471031
267.15,  0.75,  0.0471031
267.15,  0.75,  0.0471031
267.15,  0.75,  0.0471031
267.15,  0.75,  0.0471031
267.15,  0.75,  0.0471031
267.15,  0.75,  0.0471031
267.15,  0.75,  0.0471031
267.15,  0.75,  0.0471031
267.15,  0.75,  0.0471031
267.15,  0.75,  0.0471031
267.15,  0.75,  0.0471031
267.15,  0.75,  0.0471031
267.15,  0.75,  0.0471031
267.15,  0.75,  0.0471031
267.15,  0.75,  0.0471031
267.15,  0.75,  0.0471031
267.15,  0.75,  0.0471031
267.15,  0.75,  0.0471031
267.15,  0.75,  0.0471031
267.15,  0.75,  0.0471031
267.15,  0.75,  0.0471031
267.083,  0.76,  0.0519413
267.083,  0.76,  0.0519413
267.083,  0.76,  0.0519413
267.083,  0.76,  0.0519413
267.083,  0.76,  0.0519413
267.083,  0.76,  0.0519413
267.083,  0.76,  0.0519413
267.083,  0.76,  0.0519413
267.083,  0.76,  0.0519413
267.083,  0.76,  0.0519413
267.083,  0.76,  0.0519413
267.083,  0.76,  0.0519413
267.083,  0.76,  0.0519413
267.083,  0.76,  0.0519413
267.083,  0.76,  0.0519413
267.083,  0.76,  0.0519413
267.083,  0.76,  0.0519413
267.083,  0.76,  0.0519413
267.083,  0.76,  0.0519413
267.083,  0.76,  0.0519413
267.083,  0.76,  0.0519413
267.083,  0.76,  0.0519413
267.017,  0.77,  0.0571158
267.017,  0.77,  0.0571158
267.017,  0.77,  0.0571158
267.017,  0.77,  0.0571158
267.017,  0.77,  0.0571158
267.017,  0.77,  0.0571158
267.017,  0.77,  0.0571158
267.017,  0.77,  0.0571158
267.017,  0.77,  0.0571158
267.017,  0.77,  0.0571158
267.017,  0.77,  0.0571158
267.017,  0.77,  0.0571158
267.017,  0.77,  0.0571158
267.017,  0.77,  0.0571158
267.017,  0.77,  0.0571158
267.017,  0.77,  0.0571158
267.017,  0.77,  0.0571158
267.017,  0.77,  0.0571158
267.017,  0.77,  0.0571158
267.017,  0.77,  0.0571158
267.017,  0.77,  0.0571158
267.017,  0.77,  0.0571158
266.95,  0.78,  0.0626368
266.95,  0.78,  0.0626368
266.95,  0.78,  0.0626368
266.95,  0.78,  0.0626368
266.95,  0.78,  0.0626368
266.95,  0.78,  0.0626368
266.95,  0.78,  0.0626368
266.95,  0.78,  0.0626368
266.95,  0.78,  0.0626368
266.95,  0.78,  0.0626368
266.95,  0.78,  0.0626368
266.95,  0.78,  0.0626368
266.95,  0.78,  0.0626368
266.95,  0.78,  0.0626368
266.95,  0.78,  0.0626368
266.95,  0.78,  0.0626368
266.95,  0.78,  0.0626368
266.95,  0.78,  0.0626368
266.95,  0.78,  0.0626368
266.95,  0.78,  0.0626368
266.95,  0.78,  0.0626368
266.95,  0.78,  0.0626368
266.883,  0.79,  0.0685144
266.883,  0.79,  0.0685144
266.883,  0.79,  0.0685144
266.883,  0.79,  0.0685144
266.883,  0.79,  0.0685144
266.883,  0.79,  0.0685144
266.883,  0.79,  0.0685144
266.883,  0.79,  0.0685144
266.883,  0.79,  0.0685144
266.883,  0.79,  0.0685144
266.883,  0.79,  0.0685144
266.883,  0.79,  0.0685144
266.883,  0.79,  0.0685144
266.883,  0.79,  0.0685144
266.883,  0.79,  0.0685144
266.883,  0.79,  0.0685144
266.883,  0.79,  0.0685144
266.883,  0.79,  0.0685144
266.883,  0.79,  0.0685144
266.883,  0.79,  0.0685144
266.883,  0.79,  0.0685144
266.883,  0.79,  0.0685144
266.817,  0.8,  0.0844033
266.817,  0.8,  0.0844033
266.817,  0.8,  0.0844033
266.817,  0.8,  0.0844033
266.817,  0.8,  0.0844033
266.817,  0.8,  0.0844033
266.817,  0.8,  0.0844033
266.817,  0.8,  0.0844033
266.817,  0.8,  0.0844033
266.817,  0.8,  0.0844033
266.817,  0.8,  0.0844033
266.817,  0.8,  0.0844033
266.817,  0.8,  0.0844033
266.817,  0.8,  0.0844033
266.817,  0.8,  0.0844033
266.817,  0.8,  0.0844033
266.817,  0.8,  0.0844033
266.817,  0.8,  0.0844033
266.817,  0.8,  0.0844033
266.817,  0.8,  0.0844033
266.817,  0.8,  0.0844033
266.817,  0.8,  0.0844033
266.75,  0.81,  0.0917459
266.75,  0.81,  0.0917459
266.75,  0.81,  0.0917459
266.75,  0.81,  0.0917459
266.75,  0.81,  0.0917459
266.75,  0.81,  0.0917459
266.75,  0.81,  0.0917459
266.75,  0.81,  0.0917459
266.75,  0.81,  0.0917459
266.75,  0.81,  0.0917459
266.75,  0.81,  0.0917459
266.75,  0.81,  0.0917459
266.75,  0.81,  0.0917459
266.75,  0.81,  0.0917459
266.75,  0.81,  0.0917459
266.75,  0.81,  0.0917459
266.75,  0.81,  0.0917459
266.75,  0.81,  0.0917459
266.75,  0.81,  0.0917459
266.75,  0.81,  0.0917459
266.75,  0.81,  0.0917459
266.683,  0.82,  0.0995034
266.683,  0.82,  0.0995034
266.683,  0.82,  0.0995034
266.683,  0.82,  0.0995034
266.683,  0.82,  0.0995034
266.683,  0.82,  0.0995034
266.683,  0.82,  0.0995034
266.683,  0.82,  0.0995034
266.683,  0.82,  0.0995034
266.683,  0.82,  0.0995034
266.683,  0.82,  0.0995034
266.683,  0.82,  0.0995034
266.683,  0.82,  0.0995034
266.683,  0.82,  0.0995034
266.683,  0.82,  0.0995034
266.683,  0.82,  0.0995034
266.683,  0.82,  0.0995034
266.683,  0.82,  0.0995034
266.683,  0.82,  0.0995034
266.683,  0.82,  0.0995034
266.683,  0.82,  0.0995034
266.617,  0.83,  0.107684
266.617,  0.83,  0.107684
266.617,  0.83,  0.107684
266.617,  0.83,  0.107684
266.617,  0.83,  0.107684
266.617,  0.83,  0.107684
266.617,  0.83,  0.107684
266.617,  0.83,  0.107684
266.617,  0.83,  0.107684
266.617,  0.83,  0.107684
266.617,  0.83,  0.107684
266.617,  0.83,  0.107684
266.617,  0.83,  0.107684
266.617,  0.83,  0.107684
266.617,  0.83,  0.107684
266.617,  0.83,  0.107684
266.617,  0.83,  0.107684
266.617,  0.83,  0.107684
266.617,  0.83,  0.107684
266.617,  0.83,  0.107684
266.617,  0.83,  0.107684
266.55,  0.84,  0.116296
266.55,  0.84,  0.116296
266.55,  0.84,  0.116296
266.55,  0.84,  0.116296
266.55,  0.84,  0.116296
266.55,  0.84,  0.116296
266.55,  0.84,  0.116296
266.55,  0.84,  0.116296
266.55,  0.84,  0.116296
266.55,  0.84,  0.116296
266.55,  0.84,  0.116296
266.55,  0.84,  0.116296
266.55,  0.84,  0.116296
266.55,  0.84,  0.116296
266.55,  0.84,  0.116296
266.55,  0.84,  0.116296
266.55,  0.84,  0.116296
266.55,  0.84,  0.116296
266.55,  0.84,  0.116296
266.55,  0.84,  0.116296
266.55,  0.84,  0.116296
266.483,  0.85,  0.125346
266.483,  0.85,  0.125346
266.483,  0.85,  0.125346
266.483,  0.85,  0.125346
266.483,  0.85,  0.125346
266.483,  0.85,  0.125346
266.483,  0.85,  0.125346
266.483,  0.85,  0.125346
266.483,  0.85,  0.125346
266.483,  0.85,  0.125346
266.483,  0.85,  0.125346
266.483,  0.85,  0.125346
266.483,  0.85,  0.125346
266.483,  0.85,  0.125346
266.483,  0.85,  0.125346
266.483,  0.85,  0.125346
266.483,  0.85,  0.125346
266.483,  0.85,  0.125346
266.483,  0.85,  0.125346
266.483,  0.85,  0.125346
266.483,  0.85,  0.125346
266.417,  0.86,  0.134841
266.417,  0.86,  0.134841
266.417,  0.86,  0.134841
266.417,  0.86,  0.134841
266.417,  0.86,  0.134841
266.417,  0.86,  0.134841
266.417,  0.86,  0.134841
266.417,  0.86,  0.134841
266.417,  0.86,  0.134841
266.417,  0.86,  0.134841
266.417,  0.86,  0.134841
266.417,  0.86,  0.134841
266.417,  0.86,  0.134841
266.417,  0.86,  0.134841
266.417,  0.86,  0.134841
266.417,  0.86,  0.134841
266.417,  0.86,  0.134841
266.417,  0.86,  0.134841
266.417,  0.86,  0.134841
266.417,  0.86,  0.134841
266.417,  0.86,  0.134841
266.35,  0.87,  0.144789
266.35,  0.87,  0.144789
266.35,  0.87,  0.144789
266.35,  0.87,  0.144789
266.35,  0.87,  0.144789
266.35,  0.87,  0.144789
266.35,  0.87,  0.144789
266.35,  0.87,  0.144789
266.35,  0.87,  0.144789
266.35,  0.87,  0.144789
266.35,  0.87,  0.144789
266.35,  0.87,  0.144789
266.35,  0.87,  0.144789
266.35,  0.87,  0.144789
266.35,  0.87,  0.144789
266.35,  0.87,  0.144789
266.35,  0.87,  0.144789
266.35,  0.87,  0.144789
266.35,  0.87,  0.144789
266.35,  0.87,  0.144789
266.35,  0.87,  0.144789
266.283,  0.88,  0.155194
266.283,  0.88,  0.155194
266.283,  0.88,  0.155194
266.283,  0.88,  0.155194
266.283,  0.88,  0.155194
266.283,  0.88,  0.155194
266.283,  0.88,  0.155194
266.283,  0.88,  0.155194
266.283,  0.88,  0.155194
266.283,  0.88,  0.155194
266.283,  0.88,  0.155194
266.283,  0.88,  0.155194
266.283,  0.88,  0.155194
266.283,  0.88,  0.155194
266.283,  0.88,  0.155194
266.283,  0.88,  0.155194
266.283,  0.88,  0.155194
266.283,  0.88,  0.155194
266.283,  0.88,  0.155194
266.217,  0.89,  0.166062
266.217,  0.89,  0.166062
266.217,  0.89,  0.166062
266.217,  0.89,  0.166062
266.217,  0.89,  0.166062
266.217,  0.89,  0.166062
266.217,  0.89,  0.166062
266.217,  0.89,  0.166062
266.217,  0.89,  0.166062
266.217,  0.89,  0.166062
266.217,  0.89,  0.166062
266.217,  0.89,  0.166062
266.217,  0.89,  0.166062
266.217,  0.89,  0.166062
266.217,  0.89,  0.166062
266.217,  0.89,  0.166062
266.217,  0.89,  0.166062
266.217,  0.89,  0.166062
266.15,  0.9,  0.192805
266.15,  0.9,  0.192805
266.15,  0.9,  0.192805
266.15,  0.9,  0.192805
266.15,  0.9,  0.192805
266.15,  0.9,  0.192805
266.15,  0.9,  0.192805
266.15,  0.9,  0.192805
266.15,  0.9,  0.192805
266.15,  0.9,  0.192805
266.15,  0.9,  0.192805
266.15,  0.9,  0.192805
266.15,  0.9,  0.192805
266.15,  0.9,  0.192805
266.15,  0.9,  0.192805
266.15,  0.9,  0.192805
266.083,  0.91,  0.20545
266.083,  0.91,  0.20545
266.083,  0.91,  0.20545
266.083,  0.91,  0.20545
266.083,  0.91,  0.20545
266.083,  0.91,  0.20545
266.083,  0.91,  0.20545
266.083,  0.91,  0.20545
266.083,  0.91,  0.20545
266.083,  0.91,  0.20545
266.083,  0.91,  0.20545
266.083,  0.91,  0.20545
266.083,  0.91,  0.20545
266.083,  0.91,  0.20545
266.083,  0.91,  0.20545
266.017,  0.92,  0.218594
266.017,  0.92,  0.218594
266.017,  0.92,  0.218594
266.017,  0.92,  0.218594
266.017,  0.92,  0.218594
266.017,  0.92,  0.218594
266.017,  0.92,  0.218594
266.017,  0.92,  0.218594
266.017,  0.92,  0.218594
266.017,  0.92,  0.218594
266.017,  0.92,  0.218594
266.017,  0.92,  0.218594
265.95,  0.93,  0.23224
265.95,  0.93,  0.23224
265.95,  0.93,  0.23224
265.95,  0.93,  0.23224
265.95,  0.93,  0.23224
265.95,  0.93,  0.23224
265.95,  0.93,  0.23224
265.95,  0.93,  0.23224
265.95,  0.93,  0.23224
265.95,  0.93,  0.23224
265.95,  0.93,  0.23224
265.883,  0.94,  0.24639
265.883,  0.94,  0.24639
265.883,  0.94,  0.24639
265.883,  0.94,  0.24639
265.883,  0.94,  0.24639
265.883,  0.94,  0.24639
265.883,  0.94,  0.24639
265.883,  0.94,  0.24639
265.883,  0.94,  0.24639
265.883,  0.94,  0.24639
265.817,  0.95,  0.261047
265.817,  0.95,  0.261047
265.817,  0.95,  0.261047
265.817,  0.95,  0.261047
265.817,  0.95,  0.261047
265.817,  0.95,  0.261047
265.817,  0.95,  0.261047
265.817,  0.95,  0.261047
265.817,  0.95,  0.261047
265.75,  0.96,  0.276213
265.75,  0.96,  0.276213
265.75,  0.96,  0.276213
265.75,  0.96,  0.276213
265.75,  0.96,  0.276213
265.75,  0.96,  0.276213
265.75,  0.96,  0.276213
265.683,  0.97,  0.291889
265.683,  0.97,  0.291889
265.683,  0.97,  0.291889
265.683,  0.97,  0.291889
265.683,  0.97,  0.291889
265.683,  0.97,  0.291889
265.617,  0.98,  0.308077
265.617,  0.98,  0.308077
265.617,  0.98,  0.308077
265.617,  0.98,  0.308077
265.617,  0.98,  0.308077
265.55,  0.99,  0.324778
265.55,  0.99,  0.324778
265.55,  0.99,  0.324778
265.55,  0.99,  0.324778
265.483,  1,  0.362778
265.483,  1,  0.362778
265.483,  1,  0.362778
265.417,  1.01,  0.381351
265.417,  1.01,  0.381351
265.35,  1.02,  0.400448
265.35,  1.02,  0.400448
265.283,  1.03,  0.42007
