0.6, 0x3f3eea10,  0.00550156,268.15,  0.00565032,1
0.7, 0x3f3fd2e0,  0.0239268,267.483,  0.0275674,1
0.76, 0x3f3e0050,  0.0492511,267.083,  0.0519413,1
0.77, 0x3f408e70,  0.0563302,267.017,  0.0571158,1
0.78, 0x3f403020,  0.0597717,266.95,  0.0626368,1
0.79, 0x3f40bd10,  0.0657887,266.883,  0.0685144,1
0.8, 0x3f3d3200,  0.071146,266.817,  0.0844033,1
0.8, 0x3f3f4700,  0.0695602,266.817,  0.0844033,1
0.8, 0x3f3dd1b0,  0.0778436,266.817,  0.0844033,1
0.81, 0x3f3e5da0,  0.0913056,266.75,  0.0917459,1
0.72, 0x3bd2e310,  0.0327529,267.35,  0.0344963,1
0.83, 0x3f3e2f00,  0.103028,266.617,  0.107684,1
0.83, 0x3f3d4620,  0.102202,266.617,  0.107684,1
0.84, 0x3f3da310,  0.111803,266.55,  0.116296,1
0.84, 0x3f3d7470,  0.109839,266.55,  0.116296,1
0.88, 0x3f3f1860,  0.151328,266.283,  0.155194,1
0.77, 0x3bd4b5a0,  0.0527045,267.017,  0.0571158,1
0.89, 0x3f3f75a0,  0.160866,266.217,  0.166062,1
0.89, 0x3f40ebb0,  0.160337,266.217,  0.166062,1
0.75, 0x17611470,  0.0436739,267.15,  0.0471031,1
0.9, 0x3f3ebae0,  0.188051,266.15,  0.192805,1
0.9, 0x3f3fa440,  0.180327,266.15,  0.192805,1
0.91, 0x3f405fd0,  0.202832,266.083,  0.20545,1
0.77, 0x1761fda0,  0.0565311,267.017,  0.0571158,1
0.92, 0x3f400180,  0.210851,266.017,  0.218594,1
0.81, 0x3bd27200,  0.09029,266.75,  0.0917459,1
0.81, 0x3bd59fd0,  0.086913,266.75,  0.0917459,1
0.94, 0x3f3e8c40,  0.234619,265.883,  0.24639,1
0.82, 0x3bd34050,  0.0932321,266.683,  0.0995034,1
0.8, 0x17645d10,  0.0774155,266.817,  0.0844033,1
0.79, 0x165eec40,  0.0645278,266.883,  0.0685144,1
0.83, 0x3bd311b0,  0.101024,266.617,  0.107684,1
0.83, 0x3bd28620,  0.107284,266.617,  0.107684,1
0.83, 0x3bd39da0,  0.10206,266.617,  0.107684,1
0.83, 0x3bd2b470,  0.106862,266.617,  0.107684,1
0.81, 0x1762b860,  0.0908913,266.75,  0.0917459,1
0.8, 0x165f4a10,  0.078175,266.817,  0.0844033,1
0.8, 0x16609020,  0.0796959,266.817,  0.0844033,1
0.84, 0x3bd36f00,  0.116086,266.55,  0.116296,1
0.82, 0x1761cf00,  0.0976036,266.683,  0.0995034,1
0.82, 0x1760d200,  0.0924437,266.683,  0.0995034,1
0.82, 0x176171b0,  0.097246,266.683,  0.0995034,1
0.83, 0x1761a050,  0.105713,266.617,  0.107684,1
0.84, 0x1760e620,  0.111315,266.55,  0.116296,1
0.84, 0x17642e70,  0.115179,266.55,  0.116296,1
0.86, 0x3bd3fae0,  0.126135,266.417,  0.134841,1
0.83, 0x165fd5a0,  0.104325,266.617,  0.107684,1
0.85, 0x176372e0,  0.118709,266.483,  0.125346,1
0.84, 0x165e6050,  0.1083,266.55,  0.116296,1
0.86, 0x17625ae0,  0.126867,266.417,  0.134841,1
0.86, 0x17614310,  0.125799,266.417,  0.134841,1
0.86, 0x1660bfd0,  0.133577,266.417,  0.134841,1
0.89, 0x3bd5ce70,  0.165678,266.217,  0.166062,1
0.88, 0x1763ffd0,  0.146304,266.283,  0.155194,1
0.88, 0x17648bb0,  0.146733,266.283,  0.155194,1
0.9, 0x3bd4e440,  0.187488,266.15,  0.192805,1
0.9, 0x3bd62bb0,  0.170957,266.15,  0.192805,1
0.9, 0x3bd45860,  0.188814,266.15,  0.192805,1
0.91, 0x3bd48700,  0.197452,266.083,  0.20545,1
0.91, 0x3bd3cc40,  0.19606,266.083,  0.20545,1
0.91, 0x3bd5fd10,  0.193653,266.083,  0.20545,1
0.88, 0x165f7860,  0.149089,266.283,  0.155194,1
0.91, 0x3bd57020,  0.196336,266.083,  0.20545,1
0.9, 0x1762e700,  0.19105,266.15,  0.192805,1
0.9, 0x17622c40,  0.190167,266.15,  0.192805,1
0.9, 0x1763a180,  0.173262,266.15,  0.192805,1
0.9, 0x1763d020,  0.172389,266.15,  0.192805,1
0.89, 0x165ebda0,  0.155591,266.217,  0.166062,1
0.92, 0x3bd54180,  0.206317,266.017,  0.218594,1
0.91, 0x176315a0,  0.195316,266.083,  0.20545,1
0.91, 0x17634440,  0.19686,266.083,  0.20545,1
0.9, 0x16606180,  0.176609,266.15,  0.192805,1
0.9, 0x165dd470,  0.182059,266.15,  0.192805,1
0.91, 0x165d9200,  0.195517,266.083,  0.20545,1
0.95, 0x3bd512e0,  0.258932,265.817,  0.261047,1
0.92, 0x1660ee70,  0.211065,266.017,  0.218594,1
0.92, 0x16611d10,  0.214736,266.017,  0.218594,1
0.92, 0x165e0310,  0.21758,266.017,  0.218594,1
0.93, 0x16614bb0,  0.222064,265.95,  0.23224,1
0.93, 0x165da620,  0.224006,265.95,  0.23224,1
0.94, 0x165f1ae0,  0.234093,265.883,  0.24639,1
0.98, 0x3bd42a10,  0.295803,265.617,  0.308077,1
0.98, 0x17628a10,  0.308001,265.617,  0.308077,1
0.96, 0x165e31b0,  0.262428,265.75,  0.276213,1
0.97, 0x166032e0,  0.287317,265.683,  0.291889,1
0.97, 0x165e8f00,  0.291433,265.683,  0.291889,1
0.97, 0x165fa700,  0.287479,265.683,  0.291889,1
0.97, 0x16600440,  0.27961,265.683,  0.291889,1
0.58, 0x295131b0,  0.00256479,268.283,  0.00295746,1
0.58, 0x1d6a2310,  0.00259189,268.283,  0.00295746,1
0.6, 0x1d6a8050,  0.00542436,268.15,  0.00565032,1
0.64, 0x29509200,  0.0101274,267.883,  0.0105026,1
0.65, 0x22c22c40,  0.0117318,267.817,  0.0121007,1
0.68, 0x2950d470,  0.0168186,267.617,  0.0179994,1
0.69, 0x29518f00,  0.0198912,267.55,  0.0203719,1
0.66, 0x1d6aaf00,  0.0123925,267.75,  0.0138753,1
0.71, 0x29510310,  0.0285843,267.417,  0.0308921,1
0.72, 0x2950a620,  0.0332998,267.35,  0.0344963,1
0.7, 0x22c3d020,  0.0218895,267.483,  0.0275674,1
0.71, 0x22c2e700,  0.0303115,267.417,  0.0308921,1
0.74, 0x2953ee70,  0.0400016,267.217,  0.0425902,1
0.72, 0x1d69b200,  0.0309804,267.35,  0.0344963,1
0.76, 0x29527860,  0.0501696,267.083,  0.0519413,1
0.73, 0x1d6a51b0,  0.0362173,267.283,  0.0383918,1
0.73, 0x1d6d0e70,  0.0356532,267.283,  0.0383918,1
0.78, 0x2952d5a0,  0.0579709,266.95,  0.0626368,1
0.74, 0x1d69c620,  0.0389852,267.217,  0.0425902,1
0.79, 0x29530440,  0.0661207,266.883,  0.0685144,1
0.75, 0x1d6c2440,  0.0460603,267.15,  0.0471031,1
0.8, 0x29521ae0,  0.0820956,266.817,  0.0844033,1
0.8, 0x29539020,  0.0775329,266.817,  0.0844033,1
0.8, 0x22c2b860,  0.0764521,266.817,  0.0844033,1
0.83, 0x2951bda0,  0.105564,266.617,  0.107684,1
0.83, 0x295332e0,  0.0995997,266.617,  0.107684,1
0.84, 0x29524a10,  0.111023,266.55,  0.116296,1
0.8, 0x1d6b3ae0,  0.0800812,266.817,  0.0844033,1
0.82, 0x22c48bb0,  0.0944176,266.683,  0.0995034,1
0.85, 0x2951ec40,  0.121951,266.483,  0.125346,1
0.85, 0x29536180,  0.123524,266.483,  0.125346,1
0.8, 0x1d6cb020,  0.071199,266.817,  0.0844033,1
0.85, 0x29544bb0,  0.121591,266.483,  0.125346,1
0.82, 0x22c1a050,  0.0941006,266.683,  0.0995034,1
0.81, 0x1d6bf5a0,  0.0870283,266.75,  0.0917459,1
0.86, 0x2953bfd0,  0.132366,266.417,  0.134841,1
0.82, 0x1d6adda0,  0.096819,266.683,  0.0995034,1
0.84, 0x22c14310,  0.113017,266.55,  0.116296,1
0.89, 0x29516050,  0.164568,266.217,  0.166062,1
0.9, 0x29541d10,  0.17214,266.15,  0.192805,1
0.85, 0x1d6d3d10,  0.123605,266.483,  0.125346,1
0.85, 0x1d6bc700,  0.124122,266.483,  0.125346,1
0.85, 0x1d6d6bb0,  0.120901,266.483,  0.125346,1
0.86, 0x1d6b6a10,  0.130337,266.417,  0.134841,1
0.86, 0x1d69f470,  0.134324,266.417,  0.134841,1
0.88, 0x22c3ffd0,  0.151211,266.283,  0.155194,1
0.88, 0x22c315a0,  0.144897,266.283,  0.155194,1
0.84, 0x1e12eda0,  0.110281,266.55,  0.116296,1
0.88, 0x22c0e620,  0.147391,266.283,  0.155194,1
0.93, 0x2952a700,  0.221522,265.95,  0.23224,1
0.88, 0x1d6c52e0,  0.15004,266.283,  0.155194,1
0.85, 0x1e157bb0,  0.123192,266.483,  0.125346,1
0.9, 0x22c25ae0,  0.166736,266.15,  0.192805,1
0.9, 0x22c0d200,  0.181603,266.15,  0.192805,1
0.89, 0x1d6b9860,  0.162251,266.217,  0.166062,1
0.9, 0x22c1fda0,  0.174192,266.15,  0.192805,1
0.86, 0x1e13d700,  0.132237,266.417,  0.134841,1
0.9, 0x22c11470,  0.174068,266.15,  0.192805,1
0.86, 0x1e149180,  0.12619,266.417,  0.134841,1
0.9, 0x1d6cdfd0,  0.171076,266.15,  0.192805,1
0.91, 0x22c1cf00,  0.202485,266.083,  0.20545,1
0.87, 0x1e12bf00,  0.143734,266.35,  0.144789,1
0.87, 0x1e1261b0,  0.137827,266.35,  0.144789,1
0.87, 0x1e11c200,  0.137421,266.35,  0.144789,1
0.92, 0x22c34440,  0.21775,266.017,  0.218594,1
0.92, 0x22c171b0,  0.207485,266.017,  0.218594,1
0.91, 0x1d6b0c40,  0.20472,266.083,  0.20545,1
0.88, 0x1e123310,  0.147287,266.283,  0.155194,1
0.88, 0x1e11d620,  0.148007,266.283,  0.155194,1
0.94, 0x22c45d10,  0.239548,265.883,  0.24639,1
0.94, 0x22c28a10,  0.245807,265.883,  0.24639,1
0.94, 0x22c42e70,  0.233997,265.883,  0.24639,1
0.93, 0x1d6c8180,  0.221452,265.95,  0.23224,1
0.9, 0x1e1462e0,  0.169907,266.15,  0.192805,1
0.9, 0x1e1405a0,  0.175378,266.15,  0.192805,1
0.95, 0x22c3a180,  0.249804,265.817,  0.261047,1
0.91, 0x1e151e70,  0.195621,266.083,  0.20545,1
0.92, 0x1e14c020,  0.212822,266.017,  0.218594,1
0.92, 0x1e143440,  0.21044,266.017,  0.218594,1
0.93, 0x1e120470,  0.229888,265.95,  0.23224,1
0.93, 0x1e137a10,  0.227356,265.95,  0.23224,1
0.98, 0x22c372e0,  0.302333,265.617,  0.308077,1
0.94, 0x1e14efd0,  0.239625,265.883,  0.24639,1
0.94, 0x1e129050,  0.239903,265.883,  0.24639,1
0.95, 0x1e131c40,  0.249826,265.817,  0.261047,1
0.95, 0x1e134ae0,  0.254976,265.817,  0.261047,1
0.95, 0x1e13a860,  0.250758,265.817,  0.261047,1
0.98, 0x1e154d10,  0.305766,265.617,  0.308077,1
0.74, 0x2f0db620,  0.0409499,267.217,  0.0425902,1
0.68, 0x334ebbb0,  0.0158577,267.617,  0.0179994,1
0.78, 0x2f0e1310,  0.0595781,266.95,  0.0626368,1
0.8, 0x2f0da200,  0.0740709,266.817,  0.0844033,1
0.72, 0x1233a200,  0.0316166,267.35,  0.0344963,1
0.81, 0x2f0de470,  0.0850465,266.75,  0.0917459,1
0.81, 0x2f0ecda0,  0.0883765,266.75,  0.0917459,1
0.82, 0x2f0f2ae0,  0.0932792,266.683,  0.0995034,1
0.82, 0x2f0e9f00,  0.0957306,266.683,  0.0995034,1
0.82, 0x2f10fe70,  0.0974727,266.683,  0.0995034,1
0.74, 0x123441b0,  0.041062,267.217,  0.0425902,1
0.74, 0x12347050,  0.0387444,267.217,  0.0425902,1
0.83, 0x2f115bb0,  0.101255,266.617,  0.107684,1
0.76, 0x334c8ae0,  0.0472162,267.083,  0.0519413,1
0.76, 0x12349f00,  0.0481171,267.083,  0.0519413,1
0.85, 0x2f0e41b0,  0.124256,266.483,  0.125346,1
0.85, 0x2f107180,  0.1201,266.483,  0.125346,1
0.78, 0x334b1620,  0.0623151,266.95,  0.0626368,1
0.78, 0x334dd180,  0.0576392,266.95,  0.0626368,1
0.86, 0x2f0fe5a0,  0.13049,266.417,  0.134841,1
0.87, 0x2f0f5a10,  0.142671,266.35,  0.144789,1
0.78, 0x1236a020,  0.058598,266.95,  0.0626368,1
0.79, 0x1235e5a0,  0.0684539,266.883,  0.0685144,1
0.89, 0x2f0fb700,  0.160979,266.217,  0.166062,1
0.89, 0x2f1042e0,  0.161647,266.217,  0.166062,1
0.8, 0x1235b700,  0.0813493,266.817,  0.0844033,1
0.8, 0x12341310,  0.0835753,266.817,  0.0844033,1
0.8, 0x1236cfd0,  0.0799051,266.817,  0.0844033,1
0.8, 0x1234fc40,  0.0789859,266.817,  0.0844033,1
0.9, 0x2f0e7050,  0.17547,266.15,  0.192805,1
0.9, 0x2f10cfd0,  0.190676,266.15,  0.192805,1
0.91, 0x2f101440,  0.201377,266.083,  0.20545,1
0.91, 0x2f112d10,  0.198403,266.083,  0.20545,1
0.91, 0x2f10a020,  0.195383,266.083,  0.20545,1
0.82, 0x334b7310,  0.0937463,266.683,  0.0995034,1
0.82, 0x334d7440,  0.0934274,266.683,  0.0995034,1
0.92, 0x2f0f8860,  0.216013,266.017,  0.218594,1
0.83, 0x334bff00,  0.103655,266.617,  0.107684,1
0.83, 0x334b0200,  0.101604,266.617,  0.107684,1
0.83, 0x334bd050,  0.102827,266.617,  0.107684,1
0.83, 0x334d45a0,  0.104092,266.617,  0.107684,1
0.83, 0x1233b620,  0.106096,266.617,  0.107684,1
0.84, 0x334c5c40,  0.10896,266.55,  0.116296,1
0.84, 0x12352ae0,  0.114966,266.55,  0.116296,1
0.84, 0x1233e470,  0.116011,266.55,  0.116296,1
0.85, 0x334e2fd0,  0.117519,266.483,  0.125346,1
0.85, 0x334e0020,  0.123951,266.483,  0.125346,1
0.86, 0x334d1700,  0.127272,266.417,  0.134841,1
0.86, 0x334ba1b0,  0.125885,266.417,  0.134841,1
0.87, 0x334ce860,  0.137457,266.35,  0.144789,1
0.87, 0x1234cda0,  0.143772,266.35,  0.144789,1
1, 0x2f0efc40,  0.358096,265.483,  0.362778,1
0.88, 0x334e8d10,  0.14657,266.283,  0.155194,1
0.88, 0x1236fe70,  0.146003,266.283,  0.155194,1
0.89, 0x334cba10,  0.159122,266.217,  0.166062,1
0.89, 0x334e5e70,  0.157185,266.217,  0.166062,1
0.89, 0x334c2da0,  0.164385,266.217,  0.166062,1
0.89, 0x334da2e0,  0.158632,266.217,  0.166062,1
0.89, 0x12361440,  0.159153,266.217,  0.166062,1
0.89, 0x123642e0,  0.157915,266.217,  0.166062,1
0.9, 0x334b4470,  0.171843,266.15,  0.192805,1
0.9, 0x12355a10,  0.17127,266.15,  0.192805,1
0.92, 0x12358860,  0.211253,266.017,  0.218594,1
0.92, 0x12375bb0,  0.210761,266.017,  0.218594,1
0.94, 0x12367180,  0.238169,265.883,  0.24639,1
0.95, 0x12372d10,  0.248897,265.817,  0.261047,1
0.87, 0x36061860,  0.143515,266.35,  0.144789,1
0.88, 0x3607ebb0,  0.146913,266.283,  0.155194,1
0.9, 0x36043200,  0.179797,266.15,  0.192805,1
0.9, 0x3605bae0,  0.18242,266.15,  0.192805,1
0.9, 0x36070180,  0.187687,266.15,  0.192805,1
0.9, 0x36055da0,  0.179311,266.15,  0.192805,1
0.9, 0x36044620,  0.186408,266.15,  0.192805,1
0.91, 0x36075fd0,  0.203134,266.083,  0.20545,1
0.91, 0x36052f00,  0.199495,266.083,  0.20545,1
0.91, 0x3604a310,  0.200384,266.083,  0.20545,1
0.92, 0x36050050,  0.215831,266.017,  0.218594,1
0.93, 0x36078e70,  0.219354,265.95,  0.23224,1
0.93, 0x36058c40,  0.225802,265.95,  0.23224,1
0.93, 0x36047470,  0.231026,265.95,  0.23224,1
0.93, 0x36064700,  0.223557,265.95,  0.23224,1
0.93, 0x36073020,  0.222856,265.95,  0.23224,1
0.95, 0x3604d1b0,  0.253467,265.817,  0.261047,1
0.95, 0x3606d2e0,  0.260831,265.817,  0.261047,1
0.96, 0x3605ea10,  0.270149,265.75,  0.276213,1
0.96, 0x3607bd10,  0.265243,265.75,  0.276213,1
0.96, 0x3606a440,  0.261972,265.75,  0.276213,1
1, 0x360675a0,  0.352219,265.483,  0.362778,1
0.61, 0x2e495d10,  0.00641392,268.083,  0.00665438,1
0.64, 0x45280620,  0.00995886,267.883,  0.0105026,1
0.67, 0x4527f200,  0.0155312,267.683,  0.0158377,1
0.68, 0x45286310,  0.0163339,267.617,  0.0179994,1
0.74, 0x4224e200,  0.0418726,267.217,  0.0425902,1
0.7, 0x2e47b860,  0.0213714,267.483,  0.0275674,1
0.71, 0x452891b0,  0.0276403,267.417,  0.0308921,1
0.7, 0x47185f00,  0.0254379,267.483,  0.0275674,1
0.72, 0x4528ef00,  0.0329471,267.35,  0.0344963,1
0.72, 0x45291da0,  0.0323891,267.35,  0.0344963,1
0.74, 0x45283470,  0.0407152,267.217,  0.0425902,1
0.74, 0x4528c050,  0.0410984,267.217,  0.0425902,1
0.75, 0x2e46fda0,  0.0463526,267.15,  0.0471031,1
0.74, 0x471abe70,  0.0389684,267.217,  0.0425902,1
0.77, 0x2e48a180,  0.0563389,267.017,  0.0571158,1
0.77, 0x2e46a050,  0.0533808,267.017,  0.0571158,1
0.82, 0x422581b0,  0.0918511,266.683,  0.0995034,1
0.83, 0x42260da0,  0.103661,266.617,  0.107684,1
0.78, 0x452b7d10,  0.0589689,266.95,  0.0626368,1
0.8, 0x2e4872e0,  0.0763547,266.817,  0.0844033,1
0.8, 0x2e475ae0,  0.0737863,266.817,  0.0844033,1
0.8, 0x2e48d020,  0.0799951,266.817,  0.0844033,1
0.8, 0x2e478a10,  0.0821415,266.817,  0.0844033,1
0.84, 0x422782e0,  0.110825,266.55,  0.116296,1
0.79, 0x452a92e0,  0.0641039,266.883,  0.0685144,1
0.81, 0x2e492e70,  0.0894046,266.75,  0.0917459,1
0.82, 0x2e472c40,  0.0922467,266.683,  0.0995034,1
0.83, 0x2e45d200,  0.103359,266.617,  0.107684,1
0.83, 0x2e461470,  0.102282,266.617,  0.107684,1
0.81, 0x4529d860,  0.0863821,266.75,  0.0917459,1
0.87, 0x4224f620,  0.138663,266.35,  0.144789,1
0.8, 0x4718bc40,  0.0712799,266.817,  0.0844033,1
0.87, 0x42252470,  0.135343,266.35,  0.144789,1
0.83, 0x45297ae0,  0.107397,266.617,  0.107684,1
0.88, 0x42289bb0,  0.146051,266.283,  0.155194,1
0.83, 0x452af020,  0.101856,266.617,  0.107684,1
0.86, 0x2e498bb0,  0.133245,266.417,  0.134841,1
0.86, 0x2e4671b0,  0.132042,266.417,  0.134841,1
0.87, 0x2e47e700,  0.135657,266.35,  0.144789,1
0.87, 0x2e45e620,  0.136246,266.35,  0.144789,1
0.82, 0x471801b0,  0.094584,266.683,  0.0995034,1
0.82, 0x47191a10,  0.0982169,266.683,  0.0995034,1
0.89, 0x42255310,  0.165442,266.217,  0.166062,1
0.89, 0x42286d10,  0.164587,266.217,  0.166062,1
0.88, 0x2e48ffd0,  0.146767,266.283,  0.155194,1
0.9, 0x4227b180,  0.176366,266.15,  0.192805,1
0.89, 0x2e46cf00,  0.164569,266.217,  0.166062,1
0.89, 0x2e464310,  0.160332,266.217,  0.166062,1
0.84, 0x4719d440,  0.112512,266.55,  0.116296,1
0.91, 0x4225df00,  0.195415,266.083,  0.20545,1
0.91, 0x422725a0,  0.204033,266.083,  0.20545,1
0.9, 0x2e4815a0,  0.19162,266.15,  0.192805,1
0.9, 0x2e484440,  0.190584,266.15,  0.192805,1
0.85, 0x4719a5a0,  0.123363,266.483,  0.125346,1
0.87, 0x4529aa10,  0.139254,266.35,  0.144789,1
0.87, 0x452ac180,  0.138214,266.35,  0.144789,1
0.92, 0x4226f700,  0.209045,266.017,  0.218594,1
0.92, 0x4225b050,  0.21664,266.017,  0.218594,1
0.92, 0x4227e020,  0.209185,266.017,  0.218594,1
0.92, 0x42280fd0,  0.211808,266.017,  0.218594,1
0.92, 0x42263c40,  0.21058,266.017,  0.218594,1
0.86, 0x471a02e0,  0.133937,266.417,  0.134841,1
0.93, 0x4226c860,  0.221311,265.95,  0.23224,1
0.89, 0x452a35a0,  0.161519,266.217,  0.166062,1
0.88, 0x4718eae0,  0.150628,266.283,  0.155194,1
0.9, 0x452b1fd0,  0.176027,266.15,  0.192805,1
0.9, 0x452a0700,  0.169386,266.15,  0.192805,1
0.9, 0x45294c40,  0.172148,266.15,  0.192805,1
0.9, 0x452a6440,  0.169906,266.15,  0.192805,1
0.91, 0x452babb0,  0.201536,266.083,  0.20545,1
0.91, 0x452b4e70,  0.198759,266.083,  0.20545,1
0.89, 0x471a6020,  0.158957,266.217,  0.166062,1
0.89, 0x4717a470,  0.163319,266.217,  0.166062,1
0.9, 0x47188da0,  0.183424,266.15,  0.192805,1
0.9, 0x47176200,  0.168643,266.15,  0.192805,1
0.9, 0x471aed10,  0.179795,266.15,  0.192805,1
0.9, 0x4717d310,  0.1763,266.15,  0.192805,1
0.9, 0x47177620,  0.176395,266.15,  0.192805,1
0.9, 0x47183050,  0.182633,266.15,  0.192805,1
0.91, 0x471a3180,  0.19527,266.083,  0.20545,1
0.92, 0x471a8fd0,  0.212072,266.017,  0.218594,1
0.92, 0x47197700,  0.211233,266.017,  0.218594,1
0.92, 0x471b1bb0,  0.217438,266.017,  0.218594,1
0.99, 0x42266ae0,  0.313785,265.55,  0.324778,1
0.94, 0x47194860,  0.245869,265.883,  0.24639,1
1.04, 0x42269a10,  0.423022,265.217,  0.440215,1
1.05, 0x42275440,  0.457295,265.15,  0.460881,1
1.06, 0x42283e70,  0.467422,265.083,  0.482066,1
0.59, 0x33ce3f00,  0.00332215,268.217,  0.00354712,1
0.64, 0x33cd4200,  0.0101655,267.883,  0.0105026,1
0.64, 0x33cdb310,  0.0102759,267.883,  0.0105026,1
0.67, 0x33cd8470,  0.0143853,267.683,  0.0158377,1
0.7, 0x33cfe2e0,  0.0247496,267.483,  0.0275674,1
0.7, 0x33cf2860,  0.0272287,267.483,  0.0275674,1
0.71, 0x1a7affd0,  0.0279091,267.417,  0.0308921,1
0.71, 0x1a781470,  0.0301072,267.417,  0.0308921,1
0.71, 0x33ce6da0,  0.0282903,267.417,  0.0308921,1
0.72, 0x33d0cd10,  0.0335616,267.35,  0.0344963,1
0.72, 0x33ce1050,  0.0314134,267.35,  0.0344963,1
0.74, 0x33cefa10,  0.0385782,267.217,  0.0425902,1
0.75, 0x33d01180,  0.0435676,267.15,  0.0471031,1
0.75, 0x33ce9c40,  0.0459154,267.15,  0.0471031,1
0.76, 0x3b58b180,  0.0484188,267.083,  0.0519413,1
0.77, 0x33cde1b0,  0.0539051,267.017,  0.0571158,1
0.78, 0x1a79b860,  0.0607323,266.95,  0.0626368,1
0.8, 0x3b599bb0,  0.0715329,266.817,  0.0844033,1
0.81, 0x33d0fbb0,  0.090159,266.75,  0.0917459,1
0.82, 0x3b570da0,  0.0946008,266.683,  0.0995034,1
0.82, 0x1a7aa180,  0.093719,266.683,  0.0995034,1
0.79, 0x409bb440,  0.0681893,266.883,  0.0685144,1
0.83, 0x33cd5620,  0.0996068,266.617,  0.107684,1
0.83, 0x33d09e70,  0.101734,266.617,  0.107684,1
0.83, 0x33cfb440,  0.107055,266.617,  0.107684,1
0.84, 0x3b57f700,  0.115225,266.55,  0.116296,1
0.84, 0x3b56b050,  0.113731,266.55,  0.116296,1
0.84, 0x33cf85a0,  0.109643,266.55,  0.116296,1
0.85, 0x3b565310,  0.123533,266.483,  0.125346,1
0.85, 0x3b58e020,  0.118649,266.483,  0.125346,1
0.85, 0x33cecae0,  0.124454,266.483,  0.125346,1
0.86, 0x33cf5700,  0.126053,266.417,  0.134841,1
0.86, 0x3b55e200,  0.129328,266.417,  0.134841,1
0.86, 0x3b55f620,  0.131427,266.417,  0.134841,1
0.86, 0x1a7a15a0,  0.126896,266.417,  0.134841,1
0.87, 0x1a795ae0,  0.137923,266.35,  0.144789,1
0.88, 0x33d06fd0,  0.151717,266.283,  0.155194,1
0.88, 0x33d04020,  0.149099,266.283,  0.155194,1
0.87, 0x1a77e620,  0.138585,266.35,  0.144789,1
0.88, 0x3b56df00,  0.150257,266.283,  0.155194,1
0.88, 0x3b576ae0,  0.152826,266.283,  0.155194,1
0.88, 0x3b5681b0,  0.148573,266.283,  0.155194,1
0.88, 0x1a77d200,  0.149647,266.283,  0.155194,1
0.89, 0x3b5882e0,  0.163961,266.217,  0.166062,1
0.89, 0x1a784310,  0.165224,266.217,  0.166062,1
0.85, 0x409a3f00,  0.12341,266.483,  0.125346,1
0.89, 0x3b593e70,  0.156545,266.217,  0.166062,1
0.89, 0x3b585440,  0.163327,266.217,  0.166062,1
0.85, 0x409c9e70,  0.117918,266.483,  0.125346,1
0.9, 0x3b562470,  0.177817,266.15,  0.192805,1
0.9, 0x3b596d10,  0.17937,266.15,  0.192805,1
0.9, 0x3b5825a0,  0.179412,266.15,  0.192805,1
0.9, 0x1a78cf00,  0.184164,266.15,  0.192805,1
0.9, 0x1a78a050,  0.166381,266.15,  0.192805,1
0.87, 0x409a6da0,  0.143355,266.35,  0.144789,1
0.92, 0x3b57c860,  0.21625,266.017,  0.218594,1
0.92, 0x1a7b2e70,  0.211955,266.017,  0.218594,1
0.92, 0x1a7871b0,  0.20619,266.017,  0.218594,1
0.92, 0x1a78fda0,  0.210727,266.017,  0.218594,1
0.92, 0x1a7ad020,  0.207539,266.017,  0.218594,1
0.92, 0x1a792c40,  0.207324,266.017,  0.218594,1
0.88, 0x409cfbb0,  0.149688,266.283,  0.155194,1
0.88, 0x409a1050,  0.146623,266.283,  0.155194,1
0.93, 0x1a798a10,  0.228301,265.95,  0.23224,1
0.89, 0x4099b310,  0.156137,266.217,  0.166062,1
0.89, 0x40995620,  0.15997,266.217,  0.166062,1
0.89, 0x409c4020,  0.15572,266.217,  0.166062,1
0.94, 0x1a79e700,  0.239029,265.883,  0.24639,1
0.95, 0x3b573c40,  0.248414,265.817,  0.261047,1
0.96, 0x3b590fd0,  0.272796,265.75,  0.276213,1
0.9, 0x40994200,  0.16931,266.15,  0.192805,1
0.9, 0x409c1180,  0.181719,266.15,  0.192805,1
0.9, 0x409b85a0,  0.191041,266.15,  0.192805,1
0.9, 0x409b2860,  0.178505,266.15,  0.192805,1
0.96, 0x1a7b8bb0,  0.266128,265.75,  0.276213,1
0.91, 0x409a9c40,  0.193488,266.083,  0.20545,1
0.97, 0x1a7a4440,  0.280718,265.683,  0.291889,1
0.92, 0x409ccd10,  0.212563,266.017,  0.218594,1
0.92, 0x40998470,  0.210534,266.017,  0.218594,1
0.92, 0x409b5700,  0.217563,266.017,  0.218594,1
0.99, 0x3b579a10,  0.310336,265.55,  0.324778,1
0.98, 0x1a7b5d10,  0.292848,265.617,  0.308077,1
0.93, 0x409acae0,  0.219905,265.95,  0.23224,1
0.93, 0x409c6fd0,  0.226236,265.95,  0.23224,1
1, 0x1a7a72e0,  0.335846,265.483,  0.362778,1
0.96, 0x4099e1b0,  0.263892,265.75,  0.276213,1
1.01, 0x409be2e0,  0.372702,265.417,  0.381351,1
1.02, 0x409afa10,  0.389294,265.35,  0.400448,1
0.6, 0x3a6e8440,  0.00420279,268.15,  0.00565032,1
0.71, 0x3fbc1bb0,  0.029532,267.417,  0.0308921,1
0.71, 0x3fbb3180,  0.0295913,267.417,  0.0308921,1
0.74, 0x1f187200,  0.040697,267.217,  0.0425902,1
0.76, 0x1f1911b0,  0.048275,267.083,  0.0519413,1
0.81, 0x3fba7700,  0.0860102,266.75,  0.0917459,1
0.81, 0x3fb98da0,  0.0895086,266.75,  0.0917459,1
0.77, 0x1f199da0,  0.0526366,267.017,  0.0571158,1
0.75, 0x36f24020,  0.0455136,267.15,  0.0471031,1
0.84, 0x3fba4860,  0.111129,266.55,  0.116296,1
0.8, 0x1f196f00,  0.0732487,266.817,  0.0844033,1
0.8, 0x1f1b12e0,  0.0840901,266.817,  0.0844033,1
0.8, 0x1f18e310,  0.0796315,266.817,  0.0844033,1
0.8, 0x1f188620,  0.0686133,266.817,  0.0844033,1
0.76, 0x36f09c40,  0.047461,267.083,  0.0519413,1
0.8, 0x1f18b470,  0.0805799,266.817,  0.0844033,1
0.81, 0x1f194050,  0.088367,266.75,  0.0917459,1
0.87, 0x3fb901b0,  0.144266,266.35,  0.144789,1
0.82, 0x1f1bfd10,  0.0986338,266.683,  0.0995034,1
0.87, 0x3fb8a470,  0.136704,266.35,  0.144789,1
0.77, 0x3a6f6e70,  0.0563087,267.017,  0.0571158,1
0.77, 0x3a6ee180,  0.055974,267.017,  0.0571158,1
0.82, 0x1f1a5860,  0.0960761,266.683,  0.0995034,1
0.88, 0x3fbb02e0,  0.150468,266.283,  0.155194,1
0.78, 0x3a6d0f00,  0.0601809,266.95,  0.0626368,1
0.78, 0x3a6d9ae0,  0.0610906,266.95,  0.0626368,1
0.78, 0x3a6fcbb0,  0.0617022,266.95,  0.0626368,1
0.89, 0x3fb86200,  0.158338,266.217,  0.166062,1
0.79, 0x3a6cb1b0,  0.0667261,266.883,  0.0685144,1
0.8, 0x36ef4200,  0.0798571,266.817,  0.0844033,1
0.8, 0x36f03f00,  0.0791599,266.817,  0.0844033,1
0.8, 0x36efe1b0,  0.079924,266.817,  0.0844033,1
0.84, 0x1f1c2bb0,  0.113276,266.55,  0.116296,1
0.8, 0x36ef5620,  0.0811629,266.817,  0.0844033,1
0.9, 0x3fbbed10,  0.189337,266.15,  0.192805,1
0.8, 0x3a6f3fd0,  0.0814263,266.817,  0.0844033,1
0.8, 0x3a6e2700,  0.0833229,266.817,  0.0844033,1
0.8, 0x3a6d6c40,  0.0749155,266.817,  0.0844033,1
0.91, 0x3fb87620,  0.198598,266.083,  0.20545,1
0.91, 0x3fb95f00,  0.205131,266.083,  0.20545,1
0.81, 0x3a6df860,  0.0890254,266.75,  0.0917459,1
0.92, 0x3fbbbe70,  0.20955,266.017,  0.218594,1
0.82, 0x36f06da0,  0.0973524,266.683,  0.0995034,1
0.86, 0x1f1b4180,  0.125954,266.417,  0.134841,1
0.82, 0x36f0fa10,  0.0993045,266.683,  0.0995034,1
0.82, 0x36f29e70,  0.0927522,266.683,  0.0995034,1
0.83, 0x36f0cae0,  0.100885,266.617,  0.107684,1
0.87, 0x1f19cc40,  0.142465,266.35,  0.144789,1
0.87, 0x1f1ab5a0,  0.143781,266.35,  0.144789,1
0.83, 0x3a6d3da0,  0.102068,266.617,  0.107684,1
0.83, 0x3a6c1200,  0.101751,266.617,  0.107684,1
0.83, 0x3a6f1020,  0.102255,266.617,  0.107684,1
0.94, 0x3fbb6020,  0.236042,265.883,  0.24639,1
0.84, 0x36f185a0,  0.113908,266.55,  0.116296,1
0.84, 0x36f1b440,  0.110177,266.55,  0.116296,1
0.95, 0x3fb9eae0,  0.247585,265.817,  0.261047,1
0.95, 0x3fb8d310,  0.254885,265.817,  0.261047,1
0.95, 0x3fbad440,  0.256341,265.817,  0.261047,1
0.95, 0x3fb93050,  0.249073,265.817,  0.261047,1
0.84, 0x3a6c5470,  0.108539,266.55,  0.116296,1
0.85, 0x36efb310,  0.123703,266.483,  0.125346,1
0.85, 0x36f01050,  0.123352,266.483,  0.125346,1
0.89, 0x1f19fae0,  0.160604,266.217,  0.166062,1
0.89, 0x1f1bce70,  0.16224,266.217,  0.166062,1
0.86, 0x36ef8470,  0.126047,266.417,  0.134841,1
0.86, 0x3a6e55a0,  0.130903,266.417,  0.134841,1
0.9, 0x1f1b7020,  0.181342,266.15,  0.192805,1
0.9, 0x1f1a2a10,  0.16674,266.15,  0.192805,1
0.9, 0x1f1b9fd0,  0.183472,266.15,  0.192805,1
0.9, 0x1f1ae440,  0.169378,266.15,  0.192805,1
0.98, 0x3fbaa5a0,  0.305784,265.617,  0.308077,1
0.98, 0x3fbb8fd0,  0.303107,265.617,  0.308077,1
0.87, 0x3a6c8310,  0.136792,266.35,  0.144789,1
0.88, 0x3a6f9d10,  0.151295,266.283,  0.155194,1
0.92, 0x1f1a8700,  0.215118,266.017,  0.218594,1
1.01, 0x3fb9bc40,  0.364846,265.417,  0.381351,1
0.9, 0x3a6ce050,  0.183443,266.15,  0.192805,1
0.9, 0x36f1e2e0,  0.171747,266.15,  0.192805,1
0.91, 0x3a6eb2e0,  0.1931,266.083,  0.20545,1
0.92, 0x36f12860,  0.207702,266.017,  0.218594,1
0.92, 0x36f26fd0,  0.215172,266.017,  0.218594,1
0.93, 0x3a6c2620,  0.220331,265.95,  0.23224,1
0.92, 0x36f2fbb0,  0.21523,266.017,  0.218594,1
1.05, 0x3fba1a10,  0.448967,265.15,  0.460881,1
0.94, 0x3a6dca10,  0.242301,265.883,  0.24639,1
0.93, 0x36f2cd10,  0.23141,265.95,  0.23224,1
0.95, 0x36f21180,  0.254624,265.817,  0.261047,1
0.97, 0x36f15700,  0.290114,265.683,  0.291889,1
0.81, 0x4b136700,  0.0915118,266.75,  0.0917459,1
0.81, 0x4b1395a0,  0.0899069,266.75,  0.0917459,1
0.85, 0x4b147fd0,  0.119017,266.483,  0.125346,1
0.85, 0x4b145020,  0.119376,266.483,  0.125346,1
0.73, 0x1f683700,  0.0357173,267.283,  0.0383918,1
0.87, 0x4b12dae0,  0.136631,266.35,  0.144789,1
0.79, 0x408f3180,  0.0628248,266.883,  0.0685144,1
0.89, 0x4b12ac40,  0.161958,266.217,  0.166062,1
0.8, 0x408fed10,  0.0694781,266.817,  0.0844033,1
0.9, 0x4b115200,  0.170726,266.15,  0.192805,1
0.9, 0x4b11c310,  0.191439,266.15,  0.192805,1
0.9, 0x4b13c440,  0.188135,266.15,  0.192805,1
0.9, 0x4b116620,  0.16925,266.15,  0.192805,1
0.9, 0x4b122050,  0.170293,266.15,  0.192805,1
0.91, 0x4b11f1b0,  0.196692,266.083,  0.20545,1
0.91, 0x4b119470,  0.201353,266.083,  0.20545,1
0.79, 0x1f69ad10,  0.0671976,266.883,  0.0685144,1
0.78, 0x41b1fae0,  0.0575348,266.95,  0.0626368,1
0.78, 0x41b34180,  0.0599101,266.95,  0.0626368,1
0.78, 0x41b2e440,  0.0605556,266.95,  0.0626368,1
0.81, 0x408e4860,  0.0861408,266.75,  0.0917459,1
0.82, 0x40901bb0,  0.0932201,266.683,  0.0995034,1
0.93, 0x4b127da0,  0.226947,265.95,  0.23224,1
0.81, 0x1f69dbb0,  0.0903976,266.75,  0.0917459,1
0.8, 0x41b42bb0,  0.079275,266.817,  0.0844033,1
0.8, 0x41b08620,  0.0782392,266.817,  0.0844033,1
0.95, 0x4b13f2e0,  0.257798,265.817,  0.261047,1
0.95, 0x4b124f00,  0.250693,265.817,  0.261047,1
0.95, 0x4b133860,  0.251005,265.817,  0.261047,1
0.81, 0x41b0e310,  0.0859198,266.75,  0.0917459,1
0.81, 0x41b07200,  0.0917134,266.75,  0.0917459,1
0.81, 0x41b39fd0,  0.0871761,266.75,  0.0917459,1
0.96, 0x4b130a10,  0.272114,265.75,  0.276213,1
0.82, 0x41b111b0,  0.0966165,266.683,  0.0995034,1
0.97, 0x4b14dd10,  0.287041,265.683,  0.291889,1
0.83, 0x1f680860,  0.102357,266.617,  0.107684,1
0.83, 0x41b28700,  0.100447,266.617,  0.107684,1
0.83, 0x41b0b470,  0.0995445,266.617,  0.107684,1
0.84, 0x41b3ce70,  0.11536,266.55,  0.116296,1
1, 0x4b150bb0,  0.339169,265.483,  0.362778,1
0.85, 0x1f68f180,  0.122122,266.483,  0.125346,1
0.85, 0x41b25860,  0.1163,266.483,  0.125346,1
0.88, 0x408f02e0,  0.15274,266.283,  0.155194,1
0.88, 0x408ea5a0,  0.151882,266.283,  0.155194,1
0.86, 0x41b2b5a0,  0.132252,266.417,  0.134841,1
0.86, 0x41b19da0,  0.126817,266.417,  0.134841,1
1.03, 0x4b14ae70,  0.409158,265.283,  0.42007,1
0.89, 0x408cd310,  0.161428,266.217,  0.166062,1
0.87, 0x1f666470,  0.136567,266.35,  0.144789,1
0.9, 0x408f8fd0,  0.168867,266.15,  0.192805,1
0.9, 0x408d8da0,  0.17409,266.15,  0.192805,1
0.9, 0x408d3050,  0.191798,266.15,  0.192805,1
0.88, 0x41b14050,  0.148288,266.283,  0.155194,1
0.91, 0x408f6020,  0.196644,266.083,  0.20545,1
0.89, 0x1f68c2e0,  0.160165,266.217,  0.166062,1
0.9, 0x41b16f00,  0.186526,266.15,  0.192805,1
0.9, 0x41b3fd10,  0.190991,266.15,  0.192805,1
0.9, 0x1f67da10,  0.16684,266.15,  0.192805,1
0.9, 0x1f697e70,  0.186642,266.15,  0.192805,1
0.9, 0x1f674da0,  0.18448,266.15,  0.192805,1
0.91, 0x41b22a10,  0.196643,266.083,  0.20545,1
0.93, 0x408dbc40,  0.228531,265.95,  0.23224,1
1.09, 0x4b142180,  0.546536,264.883,  0.548715,1
0.91, 0x1f689440,  0.19664,266.083,  0.20545,1
0.91, 0x1f66f050,  0.198349,266.083,  0.20545,1
0.94, 0x408e7700,  0.243098,265.883,  0.24639,1
0.94, 0x408c7620,  0.235806,265.883,  0.24639,1
0.92, 0x1f692020,  0.210641,266.017,  0.218594,1
0.92, 0x1f66c1b0,  0.21132,266.017,  0.218594,1
0.93, 0x41b37020,  0.220394,265.95,  0.23224,1
0.93, 0x1f671f00,  0.229058,265.95,  0.23224,1
0.96, 0x408c6200,  0.265224,265.75,  0.276213,1
0.96, 0x408d5f00,  0.272622,265.75,  0.276213,1
0.94, 0x1f669310,  0.23481,265.883,  0.24639,1
0.94, 0x1f662200,  0.23583,265.883,  0.24639,1
0.95, 0x41b1cc40,  0.257379,265.817,  0.261047,1
0.97, 0x408deae0,  0.283455,265.683,  0.291889,1
0.96, 0x1f663620,  0.274233,265.75,  0.276213,1
0.98, 0x408ed440,  0.29378,265.617,  0.308077,1
0.98, 0x408ca470,  0.300364,265.617,  0.308077,1
0.97, 0x1f67aae0,  0.291018,265.683,  0.291889,1
0.98, 0x41b312e0,  0.307525,265.617,  0.308077,1
0.99, 0x1f6865a0,  0.32188,265.55,  0.324778,1
1.01, 0x408fbe70,  0.369989,265.417,  0.381351,1
1.01, 0x408d01b0,  0.364022,265.417,  0.381351,1
1, 0x1f694fd0,  0.325829,265.483,  0.362778,1
1, 0x1f677c40,  0.332157,265.483,  0.362778,1
1.06, 0x408e1a10,  0.461591,265.083,  0.482066,1
0.75, 0x1a6bdf00,  0.0433016,267.15,  0.0471031,1
0.76, 0x1a6af620,  0.0517417,267.083,  0.0519413,1
0.77, 0x1a6ae200,  0.0547357,267.017,  0.0571158,1
0.78, 0x1a6b5310,  0.0605733,266.95,  0.0626368,1
0.78, 0x1a6db180,  0.0590704,266.95,  0.0626368,1
0.7, 0x35efd700,  0.0228585,267.483,  0.0275674,1
0.7, 0x35efa860,  0.0252514,267.483,  0.0275674,1
0.72, 0x112c9050,  0.0344539,267.35,  0.0344963,1
0.71, 0x35f17bb0,  0.0286767,267.417,  0.0308921,1
0.81, 0x1a6bb050,  0.085847,266.75,  0.0917459,1
0.83, 0x1a6c0da0,  0.104132,266.617,  0.107684,1
0.83, 0x1a6b81b0,  0.106056,266.617,  0.107684,1
0.84, 0x1a6de020,  0.111996,266.55,  0.116296,1
0.77, 0x35f14d10,  0.0528613,267.017,  0.0571158,1
0.77, 0x35ee0470,  0.0532673,267.017,  0.0571158,1
0.85, 0x1a6e9bb0,  0.119293,266.483,  0.125346,1
0.79, 0x112e3440,  0.0637167,266.883,  0.0685144,1
0.78, 0x35f0c020,  0.0592486,266.95,  0.0626368,1
0.81, 0x112ceda0,  0.0897918,266.75,  0.0917459,1
0.87, 0x1a6b2470,  0.138423,266.35,  0.144789,1
0.82, 0x112bd620,  0.0936703,266.683,  0.0995034,1
0.88, 0x1a6cc860,  0.149175,266.283,  0.155194,1
0.83, 0x112c3310,  0.101149,266.617,  0.107684,1
0.83, 0x112d4ae0,  0.106671,266.617,  0.107684,1
0.83, 0x112f1e70,  0.106475,266.617,  0.107684,1
0.84, 0x112eefd0,  0.112254,266.55,  0.116296,1
0.84, 0x112cbf00,  0.108326,266.55,  0.116296,1
0.83, 0x35edc200,  0.104851,266.617,  0.107684,1
0.83, 0x35ee9050,  0.102451,266.617,  0.107684,1
0.85, 0x112bc200,  0.122988,266.483,  0.125346,1
0.84, 0x35ee61b0,  0.114742,266.55,  0.116296,1
0.91, 0x1a6c6ae0,  0.203015,266.083,  0.20545,1
0.86, 0x112c0470,  0.130504,266.417,  0.134841,1
0.86, 0x112f7bb0,  0.131926,266.417,  0.134841,1
0.85, 0x35ee3310,  0.119435,266.483,  0.125346,1
0.85, 0x35f062e0,  0.125036,266.483,  0.125346,1
0.92, 0x1a6cf700,  0.216924,266.017,  0.218594,1
0.92, 0x1a6d5440,  0.217572,266.017,  0.218594,1
0.87, 0x112e05a0,  0.143625,266.35,  0.144789,1
0.87, 0x35edd620,  0.137046,266.35,  0.144789,1
0.94, 0x1a6e6d10,  0.23548,265.883,  0.24639,1
0.95, 0x1a6e3e70,  0.256389,265.817,  0.261047,1
0.88, 0x35f005a0,  0.146343,266.283,  0.155194,1
0.9, 0x112d1c40,  0.18131,266.15,  0.192805,1
0.9, 0x112c61b0,  0.167236,266.15,  0.192805,1
0.88, 0x35ef1c40,  0.145439,266.283,  0.155194,1
0.96, 0x1a6d25a0,  0.275259,265.75,  0.276213,1
0.96, 0x1a6e0fd0,  0.27264,265.75,  0.276213,1
0.91, 0x112e9180,  0.201432,266.083,  0.20545,1
0.89, 0x35ef4ae0,  0.163271,266.217,  0.166062,1
0.89, 0x35eebf00,  0.15825,266.217,  0.166062,1
0.97, 0x1a6d82e0,  0.281453,265.683,  0.291889,1
0.97, 0x1a6c3c40,  0.288315,265.683,  0.291889,1
0.97, 0x1a6c9a10,  0.276757,265.683,  0.291889,1
0.92, 0x112e62e0,  0.210983,266.017,  0.218594,1
0.9, 0x35f09180,  0.177912,266.15,  0.192805,1
0.9, 0x35ef7a10,  0.167019,266.15,  0.192805,1
0.93, 0x112f4d10,  0.22552,265.95,  0.23224,1
0.91, 0x35eeeda0,  0.201041,266.083,  0.20545,1
0.89, 0x12c6b050,  0.160679,266.217,  0.166062,1
0.95, 0x112dd700,  0.254525,265.817,  0.261047,1
0.95, 0x112d7a10,  0.251176,265.817,  0.261047,1
0.95, 0x112ec020,  0.252934,265.817,  0.261047,1
0.9, 0x12c8e020,  0.169405,266.15,  0.192805,1
0.95, 0x112da860,  0.255568,265.817,  0.261047,1
0.93, 0x35f0efd0,  0.219297,265.95,  0.23224,1
0.92, 0x12c5e200,  0.209631,266.017,  0.218594,1
0.92, 0x12c93e70,  0.215673,266.017,  0.218594,1
0.92, 0x12c70da0,  0.20689,266.017,  0.218594,1
0.93, 0x12c7f700,  0.230606,265.95,  0.23224,1
0.93, 0x12c62470,  0.22689,265.95,  0.23224,1
0.97, 0x35f11e70,  0.290706,265.683,  0.291889,1
0.94, 0x12c73c40,  0.233444,265.883,  0.24639,1
0.99, 0x35f03440,  0.32425,265.55,  0.324778,1
0.96, 0x12c5f620,  0.262968,265.75,  0.276213,1
0.96, 0x12c79a10,  0.272625,265.75,  0.276213,1
0.98, 0x12c6df00,  0.293618,265.617,  0.308077,1
0.98, 0x12c882e0,  0.30385,265.617,  0.308077,1
0.98, 0x12c99bb0,  0.303356,265.617,  0.308077,1
0.98, 0x12c681b0,  0.301026,265.617,  0.308077,1
0.98, 0x12c7c860,  0.297378,265.617,  0.308077,1
0.99, 0x12c96d10,  0.321839,265.55,  0.324778,1
0.99, 0x12c8b180,  0.310008,265.55,  0.324778,1
0.99, 0x12c65310,  0.308098,265.55,  0.324778,1
1, 0x12c825a0,  0.325423,265.483,  0.362778,1
1.01, 0x12c76ae0,  0.370813,265.417,  0.381351,1
1.01, 0x12c85440,  0.37172,265.417,  0.381351,1
1.01, 0x12c90fd0,  0.381065,265.417,  0.381351,1
0.72, 0x3971da10,  0.0334254,267.35,  0.0344963,1
0.63, 0x26d77180,  0.00904558,267.95,  0.00906959,1
0.71, 0x1c5f82e0,  0.0285984,267.417,  0.0308921,1
0.8, 0x39737e70,  0.0770669,266.817,  0.0844033,1
0.81, 0x39703620,  0.0917383,266.75,  0.0917459,1
0.74, 0x1c5ef700,  0.0395968,267.217,  0.0425902,1
0.72, 0x26d68860,  0.0330715,267.35,  0.0344963,1
0.84, 0x3972c2e0,  0.112555,266.55,  0.116296,1
0.74, 0x26d82d10,  0.0419257,267.217,  0.0425902,1
0.85, 0x3971aae0,  0.123147,266.483,  0.125346,1
0.86, 0x39702200,  0.133308,266.417,  0.134841,1
0.86, 0x3970c1b0,  0.132853,266.417,  0.134841,1
0.76, 0x26d85bb0,  0.0495124,267.083,  0.0519413,1
0.8, 0x3c009620,  0.0699649,266.817,  0.0844033,1
0.77, 0x26d742e0,  0.0558147,267.017,  0.0571158,1
0.88, 0x39709310,  0.149461,266.283,  0.155194,1
0.88, 0x39706470,  0.154018,266.283,  0.155194,1
0.79, 0x26d7cfd0,  0.0631177,266.883,  0.0685144,1
0.83, 0x1c609bb0,  0.106601,266.617,  0.107684,1
0.9, 0x39711f00,  0.166106,266.15,  0.192805,1
0.85, 0x1c5e0da0,  0.121271,266.483,  0.125346,1
0.82, 0x26d6e5a0,  0.0923312,266.683,  0.0995034,1
0.83, 0x26d5cda0,  0.1052,266.617,  0.107684,1
0.94, 0x39714da0,  0.245817,265.883,  0.24639,1
0.94, 0x39729440,  0.237291,265.883,  0.24639,1
0.87, 0x3c00f310,  0.143901,266.35,  0.144789,1
0.88, 0x1c5f25a0,  0.152329,266.283,  0.155194,1
0.88, 0x1c5e3c40,  0.154972,266.283,  0.155194,1
0.88, 0x1c5fe020,  0.152284,266.283,  0.155194,1
0.88, 0x3c008200,  0.145528,266.283,  0.155194,1
0.88, 0x3c0121b0,  0.149721,266.283,  0.155194,1
0.89, 0x1c5fb180,  0.155981,266.217,  0.166062,1
0.89, 0x1c5e9a10,  0.160209,266.217,  0.166062,1
0.89, 0x3c015050,  0.156308,266.217,  0.166062,1
0.89, 0x3c01ada0,  0.161567,266.217,  0.166062,1
0.9, 0x1c5ddf00,  0.18843,266.15,  0.192805,1
0.9, 0x1c5ce200,  0.186803,266.15,  0.192805,1
0.9, 0x1c603e70,  0.190179,266.15,  0.192805,1
0.97, 0x3973ad10,  0.281795,265.683,  0.291889,1
0.97, 0x39732020,  0.289409,265.683,  0.291889,1
0.86, 0x26d57050,  0.126516,266.417,  0.134841,1
0.9, 0x3c017f00,  0.186072,266.15,  0.192805,1
0.9, 0x3c00c470,  0.166939,266.15,  0.192805,1
0.9, 0x3c0322e0,  0.174721,266.15,  0.192805,1
0.9, 0x3c03afd0,  0.19229,266.15,  0.192805,1
0.9, 0x3c01dc40,  0.17445,266.15,  0.192805,1
0.9, 0x3c02c5a0,  0.189274,266.15,  0.192805,1
0.9, 0x3c038020,  0.171004,266.15,  0.192805,1
0.91, 0x1c600fd0,  0.195142,266.083,  0.20545,1
0.91, 0x1c5e6ae0,  0.203603,266.083,  0.20545,1
0.91, 0x1c5cf620,  0.193928,266.083,  0.20545,1
0.91, 0x1c5db050,  0.198245,266.083,  0.20545,1
0.98, 0x39723700,  0.302136,265.617,  0.308077,1
0.98, 0x3973dbb0,  0.298554,265.617,  0.308077,1
0.98, 0x39720860,  0.305834,265.617,  0.308077,1
0.91, 0x3c03de70,  0.205117,266.083,  0.20545,1
0.91, 0x3c040d10,  0.204301,266.083,  0.20545,1
0.92, 0x1c5d5310,  0.207622,266.017,  0.218594,1
0.92, 0x1c5ec860,  0.207279,266.017,  0.218594,1
0.99, 0x39717c40,  0.310952,265.55,  0.324778,1
0.99, 0x3970f050,  0.310041,265.55,  0.324778,1
0.99, 0x397265a0,  0.308435,265.55,  0.324778,1
0.92, 0x3c026860,  0.217425,266.017,  0.218594,1
0.93, 0x1c5d81b0,  0.227447,265.95,  0.23224,1
0.88, 0x26d4a200,  0.151356,266.283,  0.155194,1
0.88, 0x26d65a10,  0.146917,266.283,  0.155194,1
0.88, 0x26d4e470,  0.145647,266.283,  0.155194,1
1, 0x3972f180,  0.349941,265.483,  0.362778,1
0.93, 0x3c029700,  0.225236,265.95,  0.23224,1
0.89, 0x26d51310,  0.164904,266.217,  0.166062,1
0.89, 0x26d7a020,  0.160076,266.217,  0.166062,1
1.01, 0x39734fd0,  0.36745,265.417,  0.381351,1
0.95, 0x1c606d10,  0.257183,265.817,  0.261047,1
0.95, 0x1c5d2470,  0.246729,265.817,  0.261047,1
0.9, 0x26d541b0,  0.186593,266.15,  0.192805,1
0.9, 0x26d59f00,  0.175053,266.15,  0.192805,1
0.9, 0x26d7fe70,  0.187629,266.15,  0.192805,1
0.9, 0x26d5fc40,  0.186349,266.15,  0.192805,1
0.97, 0x1c5f5440,  0.285078,265.683,  0.291889,1
0.92, 0x26d4b620,  0.207825,266.017,  0.218594,1
0.92, 0x26d6b700,  0.213568,266.017,  0.218594,1
0.97, 0x3c035180,  0.280509,265.683,  0.291889,1
0.99, 0x3c020ae0,  0.310918,265.55,  0.324778,1
1, 0x3c02f440,  0.325422,265.483,  0.362778,1
1, 0x3c043bb0,  0.332154,265.483,  0.362778,1
0.99, 0x26d71440,  0.317168,265.55,  0.324778,1
0.99, 0x26d62ae0,  0.314907,265.55,  0.324778,1
1.02, 0x3c023a10,  0.389083,265.35,  0.400448,1
0.5, 0x38386200,  0.000483543,268.817,  0.000507137,1
0.66, 0x3cc72180,  0.0135042,267.75,  0.0138753,1
0.69, 0x3cc63860,  0.0203474,267.55,  0.0203719,1
0.6, 0x38387620,  0.00482558,268.15,  0.00565032,1
0.73, 0x3cc7dd10,  0.036649,267.283,  0.0383918,1
0.73, 0x3cc49470,  0.038162,267.283,  0.0383918,1
0.75, 0x3cc695a0,  0.0426422,267.15,  0.0471031,1
0.63, 0x38393050,  0.00782853,267.95,  0.00906959,1
0.65, 0x3838d310,  0.0109456,267.817,  0.0121007,1
0.8, 0x3cc4c310,  0.0781806,266.817,  0.0844033,1
0.8, 0x3cc57da0,  0.081417,266.817,  0.0844033,1
0.81, 0x3cc52050,  0.0888667,266.75,  0.0917459,1
0.82, 0x3cc5ac40,  0.0978183,266.683,  0.0995034,1
0.71, 0x383901b0,  0.0283678,267.417,  0.0308921,1
0.71, 0x383aa5a0,  0.0290513,267.417,  0.0308921,1
0.71, 0x383b6020,  0.0305255,267.417,  0.0308921,1
0.8, 0x1c271620,  0.0777385,266.817,  0.0844033,1
0.85, 0x3cc45200,  0.123021,266.483,  0.125346,1
0.74, 0x3838a470,  0.0416147,267.217,  0.0425902,1
0.86, 0x3cc77fd0,  0.128422,266.417,  0.134841,1
0.75, 0x383b8fd0,  0.0433421,267.15,  0.0471031,1
0.75, 0x3839eae0,  0.04668,267.15,  0.0471031,1
0.75, 0x383ad440,  0.046245,267.15,  0.0471031,1
0.75, 0x38398da0,  0.0457627,267.15,  0.0471031,1
0.87, 0x3cc80bb0,  0.135876,266.35,  0.144789,1
0.87, 0x3cc5dae0,  0.135018,266.35,  0.144789,1
0.87, 0x3cc46620,  0.139256,266.35,  0.144789,1
0.87, 0x3cc75020,  0.136961,266.35,  0.144789,1
0.89, 0x3cc6f2e0,  0.165914,266.217,  0.166062,1
0.89, 0x3cc66700,  0.157622,266.217,  0.166062,1
0.89, 0x3cc7ae70,  0.162384,266.217,  0.166062,1
0.89, 0x3cc60a10,  0.159938,266.217,  0.166062,1
0.77, 0x3839bc40,  0.0553147,267.017,  0.0571158,1
0.78, 0x383c1bb0,  0.0579733,266.95,  0.0626368,1
0.91, 0x3cc54f00,  0.195635,266.083,  0.20545,1
0.8, 0x38395f00,  0.075232,266.817,  0.0844033,1
0.8, 0x383a1a10,  0.0737764,266.817,  0.0844033,1
0.8, 0x383b02e0,  0.0822267,266.817,  0.0844033,1
0.92, 0x3cc4f1b0,  0.217638,266.017,  0.218594,1
0.82, 0x383bbe70,  0.0978363,266.683,  0.0995034,1
0.94, 0x3cc6c440,  0.238872,265.883,  0.24639,1
0.83, 0x383a4860,  0.103394,266.617,  0.107684,1
0.89, 0x1c270200,  0.155894,266.217,  0.166062,1
0.89, 0x1c282da0,  0.155943,266.217,  0.166062,1
0.89, 0x1c274470,  0.157961,266.217,  0.166062,1
0.84, 0x383a7700,  0.113802,266.55,  0.116296,1
0.9, 0x1c27ff00,  0.170516,266.15,  0.192805,1
0.9, 0x1c277310,  0.174312,266.15,  0.192805,1
0.9, 0x1c29d180,  0.191018,266.15,  0.192805,1
0.9, 0x1c2945a0,  0.191662,266.15,  0.192805,1
0.9, 0x1c27a1b0,  0.190283,266.15,  0.192805,1
0.9, 0x1c27d050,  0.187007,266.15,  0.192805,1
0.91, 0x1c29a2e0,  0.197135,266.083,  0.20545,1
0.91, 0x1c28e860,  0.197308,266.083,  0.20545,1
0.92, 0x1c2a0020,  0.208968,266.017,  0.218594,1
0.88, 0x383b3180,  0.152621,266.283,  0.155194,1
0.93, 0x1c285c40,  0.23086,265.95,  0.23224,1
0.93, 0x1c2a8d10,  0.229622,265.95,  0.23224,1
0.93, 0x1c2abbb0,  0.226988,265.95,  0.23224,1
0.9, 0x383bed10,  0.189903,266.15,  0.192805,1
0.96, 0x1c291700,  0.266891,265.75,  0.276213,1
0.96, 0x1c2a5e70,  0.26496,265.75,  0.276213,1
0.97, 0x1c297440,  0.289187,265.683,  0.291889,1
0.99, 0x1c288ae0,  0.321544,265.55,  0.324778,1
1, 0x1c28ba10,  0.325689,265.483,  0.362778,1
1.03, 0x1c2a2fd0,  0.401849,265.283,  0.42007,1
0.98, 0x37cd7e70,  0.299215,265.617,  0.308077,1
1, 0x37cbda10,  0.336185,265.483,  0.362778,1
1, 0x37cc9440,  0.343781,265.483,  0.362778,1
1.01, 0x37ccc2e0,  0.373212,265.417,  0.381351,1
1.02, 0x37cc3700,  0.398879,265.35,  0.400448,1
1.03, 0x37cdad10,  0.418445,265.283,  0.42007,1
1.03, 0x37cac1b0,  0.405869,265.283,  0.42007,1
1.04, 0x37cddbb0,  0.425718,265.217,  0.440215,1
1.04, 0x37ca2200,  0.439839,265.217,  0.440215,1
1.04, 0x37cb1f00,  0.425578,265.217,  0.440215,1
1.04, 0x37ca6470,  0.436011,265.217,  0.440215,1
1.07, 0x37cb4da0,  0.50194,265.017,  0.503769,1
1.08, 0x37ca3620,  0.505397,264.95,  0.525986,1
1.08, 0x37caf050,  0.505877,264.95,  0.525986,1
1.08, 0x37cd2020,  0.508936,264.95,  0.525986,1
1.08, 0x37cc0860,  0.523218,264.95,  0.525986,1
1.09, 0x37cbaae0,  0.546983,264.883,  0.548715,1
1.1, 0x37cb7c40,  0.577191,264.817,  0.597144,1
1.1, 0x37ca9310,  0.550706,264.817,  0.597144,1
1.1, 0x37ccf180,  0.556776,264.817,  0.597144,1
1.1, 0x37cd4fd0,  0.548777,264.817,  0.597144,1
1.12, 0x37cc65a0,  0.637284,264.683,  0.646725,1
0.75, 0x32e62ae0,  0.0435063,267.15,  0.0471031,1
0.76, 0x32e71440,  0.0490319,267.083,  0.0519413,1
0.9, 0x3d8a51b0,  0.1751,266.15,  0.192805,1
0.9, 0x3d89f470,  0.17639,266.15,  0.192805,1
0.91, 0x3d8adda0,  0.197913,266.083,  0.20545,1
0.92, 0x3d89b200,  0.211011,266.017,  0.218594,1
0.92, 0x3d8a2310,  0.215492,266.017,  0.218594,1
0.8, 0x32e82d10,  0.0769727,266.817,  0.0844033,1
0.8, 0x32e5cda0,  0.0739779,266.817,  0.0844033,1
0.8, 0x32e4e470,  0.0719754,266.817,  0.0844033,1
0.94, 0x3d89c620,  0.23611,265.883,  0.24639,1
0.83, 0x4c602c40,  0.105043,266.617,  0.107684,1
0.82, 0x32e68860,  0.0921325,266.683,  0.0995034,1
0.84, 0x4c6115a0,  0.111078,266.55,  0.116296,1
0.85, 0x4c608a10,  0.124912,266.483,  0.125346,1
0.96, 0x3d8a8050,  0.264882,265.75,  0.276213,1
0.96, 0x3d8aaf00,  0.271255,265.75,  0.276213,1
0.84, 0x32e4a200,  0.112019,266.55,  0.116296,1
0.84, 0x32e77180,  0.110389,266.55,  0.116296,1
0.85, 0x32e541b0,  0.119226,266.483,  0.125346,1
0.87, 0x4c622e70,  0.140854,266.35,  0.144789,1
0.87, 0x4c61d020,  0.138947,266.35,  0.144789,1
0.98, 0x3d8b0c40,  0.302065,265.617,  0.308077,1
0.98, 0x3d8d6bb0,  0.302878,265.617,  0.308077,1
0.98, 0x3d8b9860,  0.297085,265.617,  0.308077,1
0.98, 0x3d8cb020,  0.293976,265.617,  0.308077,1
0.86, 0x32e59f00,  0.129489,266.417,  0.134841,1
0.86, 0x32e51310,  0.125777,266.417,  0.134841,1
0.99, 0x3d8c8180,  0.309421,265.55,  0.324778,1
0.87, 0x32e7cfd0,  0.14122,266.35,  0.144789,1
0.87, 0x32e65a10,  0.141088,266.35,  0.144789,1
0.87, 0x32e57050,  0.137904,266.35,  0.144789,1
0.87, 0x32e742e0,  0.14064,266.35,  0.144789,1
0.87, 0x32e6e5a0,  0.1388,266.35,  0.144789,1
0.87, 0x32e7fe70,  0.141529,266.35,  0.144789,1
0.89, 0x4c5f1470,  0.165785,266.217,  0.166062,1
1, 0x3d8bc700,  0.331725,265.483,  0.362778,1
1, 0x3d8d3d10,  0.336831,265.483,  0.362778,1
1, 0x3d8bf5a0,  0.356454,265.483,  0.362778,1
0.9, 0x4c5fcf00,  0.188445,266.15,  0.192805,1
0.9, 0x4c614440,  0.182359,266.15,  0.192805,1
0.9, 0x4c61a180,  0.170502,266.15,  0.192805,1
0.9, 0x4c60b860,  0.17041,266.15,  0.192805,1
0.9, 0x4c5ffda0,  0.17229,266.15,  0.192805,1
1.01, 0x3d8d0e70,  0.365419,265.417,  0.381351,1
1.01, 0x3d8b6a10,  0.375808,265.417,  0.381351,1
0.89, 0x32e5fc40,  0.165782,266.217,  0.166062,1
0.89, 0x32e4b620,  0.162119,266.217,  0.166062,1
0.89, 0x32e7a020,  0.164772,266.217,  0.166062,1
0.91, 0x4c5ed200,  0.197014,266.083,  0.20545,1
0.91, 0x4c628bb0,  0.200597,266.083,  0.20545,1
0.91, 0x4c5f71b0,  0.194354,266.083,  0.20545,1
1.02, 0x3d8c52e0,  0.382292,265.35,  0.400448,1
1.02, 0x3d8b3ae0,  0.39131,265.35,  0.400448,1
0.9, 0x32e85bb0,  0.183245,266.15,  0.192805,1
0.92, 0x4c5ee620,  0.217043,266.017,  0.218594,1
1.03, 0x3d8c2440,  0.402204,265.283,  0.42007,1
0.91, 0x32e6b700,  0.198475,266.083,  0.20545,1
0.93, 0x4c60e700,  0.227024,265.95,  0.23224,1
0.93, 0x4c5fa050,  0.21961,265.95,  0.23224,1
0.94, 0x4c625d10,  0.236732,265.883,  0.24639,1
0.94, 0x4c5f4310,  0.238856,265.883,  0.24639,1
0.94, 0x4c6172e0,  0.233109,265.883,  0.24639,1
1.05, 0x3d8cdfd0,  0.44886,265.15,  0.460881,1
0.92, 0x302ddf00,  0.206268,266.017,  0.218594,1
0.97, 0x4c61ffd0,  0.278172,265.683,  0.291889,1
0.97, 0x4c605ae0,  0.280656,265.683,  0.291889,1
0.94, 0x302ce200,  0.241839,265.883,  0.24639,1
0.94, 0x302d81b0,  0.245494,265.883,  0.24639,1
0.94, 0x302db050,  0.232858,265.883,  0.24639,1
0.94, 0x302fe020,  0.237328,265.883,  0.24639,1
0.95, 0x302d5310,  0.25123,265.817,  0.261047,1
0.96, 0x302cf620,  0.262956,265.75,  0.276213,1
0.96, 0x302e0da0,  0.268484,265.75,  0.276213,1
0.96, 0x302f25a0,  0.275922,265.75,  0.276213,1
0.96, 0x302d2470,  0.270128,265.75,  0.276213,1
0.96, 0x302ec860,  0.273982,265.75,  0.276213,1
0.97, 0x30303e70,  0.27954,265.683,  0.291889,1
0.98, 0x30306d10,  0.306958,265.617,  0.308077,1
0.98, 0x302fb180,  0.304601,265.617,  0.308077,1
0.99, 0x302f82e0,  0.316832,265.55,  0.324778,1
0.99, 0x30300fd0,  0.319653,265.55,  0.324778,1
0.99, 0x302e9a10,  0.324549,265.55,  0.324778,1
0.99, 0x302ef700,  0.311224,265.55,  0.324778,1
1, 0x30309bb0,  0.336612,265.483,  0.362778,1
1.02, 0x302e3c40,  0.382147,265.35,  0.400448,1
1.03, 0x302e6ae0,  0.403572,265.283,  0.42007,1
1.04, 0x302f5440,  0.420512,265.217,  0.440215,1
0.55, 0xcc061b0,  0.00135111,268.483,  0.00163696,1
0.6, 0x48558050,  0.00469904,268.15,  0.00565032,1
0.72, 0x4855dda0,  0.0335959,267.35,  0.0344963,1
0.76, 0x48552310,  0.0478711,267.083,  0.0519413,1
0.78, 0x4854c620,  0.0593997,266.95,  0.0626368,1
0.8, 0x485551b0,  0.0824535,266.817,  0.0844033,1
0.8, 0x4854f470,  0.0811348,266.817,  0.0844033,1
0.81, 0x4854b200,  0.0906809,266.75,  0.0917459,1
0.78, 0xf942440,  0.057862,266.95,  0.0626368,1
0.82, 0x48569860,  0.0921286,266.683,  0.0995034,1
0.83, 0x4855af00,  0.103893,266.617,  0.107684,1
0.83, 0x4856f5a0,  0.106948,266.617,  0.107684,1
0.83, 0x48580e70,  0.106865,266.617,  0.107684,1
0.8, 0xf950e70,  0.0776624,266.817,  0.0844033,1
0.84, 0x48583d10,  0.116028,266.55,  0.116296,1
0.84, 0x48572440,  0.111929,266.55,  0.116296,1
0.8, 0xcc262e0,  0.0774081,266.817,  0.0844033,1
0.8, 0xcc17a10,  0.0816801,266.817,  0.0844033,1
0.81, 0xcc0bf00,  0.0900399,266.75,  0.0917459,1
0.86, 0x4857dfd0,  0.13253,266.417,  0.134841,1
0.87, 0x485752e0,  0.135248,266.35,  0.144789,1
0.87, 0x48566a10,  0.142644,266.35,  0.144789,1
0.83, 0xcc34d10,  0.100877,266.617,  0.107684,1
0.83, 0xcc00470,  0.104742,266.617,  0.107684,1
0.88, 0x48563ae0,  0.14752,266.283,  0.155194,1
0.89, 0x48560c40,  0.160091,266.217,  0.166062,1
0.85, 0xf936a10,  0.125054,266.483,  0.125346,1
0.85, 0xcbfc200,  0.118879,266.483,  0.125346,1
0.86, 0xcc1d700,  0.129365,266.417,  0.134841,1
0.86, 0xcc09050,  0.133141,266.417,  0.134841,1
0.92, 0x48578180,  0.208385,266.017,  0.218594,1
0.91, 0xd29b700,  0.203416,266.083,  0.20545,1
0.87, 0xcc31e70,  0.136426,266.35,  0.144789,1
0.92, 0xd28fc40,  0.207985,266.017,  0.218594,1
0.89, 0xf9452e0,  0.16015,266.217,  0.166062,1
0.89, 0xf92af00,  0.163528,266.217,  0.166062,1
0.89, 0xcc0eda0,  0.163417,266.217,  0.166062,1
0.89, 0xcc37bb0,  0.165665,266.217,  0.166062,1
0.94, 0xd2a42e0,  0.233539,265.883,  0.24639,1
0.97, 0x48586bb0,  0.280772,265.683,  0.291889,1
0.91, 0xcbfd620,  0.203055,266.083,  0.20545,1
0.98, 0x4856c700,  0.303922,265.617,  0.308077,1
0.98, 0x4857b020,  0.294105,265.617,  0.308077,1
0.92, 0xf91c620,  0.213129,266.017,  0.218594,1
0.92, 0xcc1a860,  0.215484,266.017,  0.218594,1
0.93, 0xcc03310,  0.22509,265.95,  0.23224,1
0.93, 0xcc23440,  0.226544,265.95,  0.23224,1
0.93, 0xf9251b0,  0.221205,265.95,  0.23224,1
0.94, 0xf953d10,  0.236869,265.883,  0.24639,1
0.98, 0xd281310,  0.3033,265.617,  0.308077,1
0.95, 0xcc29180,  0.254781,265.817,  0.261047,1
0.95, 0xf933ae0,  0.256431,265.817,  0.261047,1
0.99, 0xd27a200,  0.317953,265.55,  0.324778,1
0.99, 0xd2841b0,  0.317294,265.55,  0.324778,1
0.99, 0xd287050,  0.309208,265.55,  0.324778,1
0.99, 0xd295a10,  0.311456,265.55,  0.324778,1
1, 0xd27b620,  0.327144,265.483,  0.362778,1
1, 0xd2b2d10,  0.336119,265.483,  0.362778,1
1, 0xd289f00,  0.326695,265.483,  0.362778,1
1, 0xd29e5a0,  0.341608,265.483,  0.362778,1
1, 0xd27e470,  0.350468,265.483,  0.362778,1
1, 0xd28cda0,  0.324893,265.483,  0.362778,1
0.98, 0xcc14ae0,  0.29713,265.617,  0.308077,1
0.98, 0xcc205a0,  0.294366,265.617,  0.308077,1
0.97, 0xf91b200,  0.277944,265.683,  0.291889,1
0.99, 0xcc11c40,  0.319732,265.55,  0.324778,1
0.99, 0xcc2efd0,  0.323002,265.55,  0.324778,1
0.98, 0xf922310,  0.30551,265.617,  0.308077,1
0.98, 0xf948180,  0.294967,265.617,  0.308077,1
0.98, 0xf928050,  0.306824,265.617,  0.308077,1
1.02, 0xd292ae0,  0.384707,265.35,  0.400448,1
1.02, 0xd2afe70,  0.381457,265.35,  0.400448,1
1, 0xcc2c020,  0.337958,265.483,  0.362778,1
0.99, 0xf956bb0,  0.315208,265.55,  0.324778,1
0.99, 0xf93c700,  0.317186,265.55,  0.324778,1
0.99, 0xf939860,  0.313117,265.55,  0.324778,1
1.03, 0xd2acfd0,  0.403261,265.283,  0.42007,1
1.03, 0xd2a1440,  0.416411,265.283,  0.42007,1
1, 0xf94b020,  0.355787,265.483,  0.362778,1
1, 0xf91f470,  0.328907,265.483,  0.362778,1
1.04, 0xd2b5bb0,  0.42447,265.217,  0.440215,1
1.04, 0xd2aa020,  0.430863,265.217,  0.440215,1
1.05, 0xd298860,  0.445474,265.15,  0.460881,1
1.05, 0xd2a7180,  0.441768,265.15,  0.460881,1
1.02, 0xf930c40,  0.394038,265.35,  0.400448,1
1.03, 0xf94dfd0,  0.415002,265.283,  0.42007,1
1.04, 0xf93f5a0,  0.430237,265.217,  0.440215,1
1.05, 0xf92dda0,  0.451339,265.15,  0.460881,1
0.53, 0x3ff8fae0,  0.00103377,268.617,  0.0010566,1
0.6, 0x1b276180,  0.00475973,268.15,  0.00565032,1
0.6, 0x41083e70,  0.00512808,268.15,  0.00565032,1
0.67, 0x251fd1b0,  0.0142585,267.683,  0.0158377,1
0.7, 0x251f3200,  0.0245438,267.483,  0.0275674,1
0.71, 0x251f7470,  0.0286198,267.417,  0.0308921,1
0.73, 0x25202f00,  0.0353585,267.283,  0.0383918,1
0.73, 0x2521a440,  0.0352822,267.283,  0.0383918,1
0.74, 0x25205da0,  0.0410301,267.217,  0.0425902,1
0.68, 0x41052470,  0.0168794,267.617,  0.0179994,1
0.76, 0x2522ebb0,  0.0505309,267.083,  0.0519413,1
0.74, 0x1b284bb0,  0.0424677,267.217,  0.0425902,1
0.74, 0x1b267860,  0.0404572,267.217,  0.0425902,1
0.7, 0x3ff78620,  0.0268182,267.483,  0.0275674,1
0.77, 0x251fa310,  0.0534919,267.017,  0.0571158,1
0.7, 0x41069a10,  0.0252602,267.483,  0.0275674,1
0.78, 0x2521d2e0,  0.0625608,266.95,  0.0626368,1
0.78, 0x251f4620,  0.0614852,266.95,  0.0626368,1
0.78, 0x25228e70,  0.0581063,266.95,  0.0626368,1
0.71, 0x4105df00,  0.0284684,267.417,  0.0308921,1
0.79, 0x25200050,  0.0643944,266.883,  0.0685144,1
0.8, 0x25214700,  0.0712351,266.817,  0.0844033,1
0.73, 0x3ffa9fd0,  0.0382036,267.283,  0.0383918,1
0.81, 0x2520bae0,  0.0846471,266.75,  0.0917459,1
0.78, 0x1b281d10,  0.0618682,266.95,  0.0626368,1
0.74, 0x3ff7e310,  0.0418413,267.217,  0.0425902,1
0.82, 0x25220180,  0.0924866,266.683,  0.0995034,1
0.74, 0x410581b0,  0.0414824,267.217,  0.0425902,1
0.82, 0x25223020,  0.0971341,266.683,  0.0995034,1
0.79, 0x1b24d470,  0.0656518,266.883,  0.0685144,1
0.83, 0x2520ea10,  0.105694,266.617,  0.107684,1
0.75, 0x41060da0,  0.042782,267.15,  0.0471031,1
0.76, 0x3ff77200,  0.0509847,267.083,  0.0519413,1
0.77, 0x410782e0,  0.0523764,267.017,  0.0571158,1
0.78, 0x3ff86f00,  0.0618762,266.95,  0.0626368,1
0.78, 0x3ff7b470,  0.0583393,266.95,  0.0626368,1
0.87, 0x25211860,  0.141122,266.35,  0.144789,1
0.78, 0x41063c40,  0.0594551,266.95,  0.0626368,1
0.83, 0x1b24a620,  0.101342,266.617,  0.107684,1
0.9, 0x25208c40,  0.189371,266.15,  0.192805,1
0.8, 0x3ffafd10,  0.0753488,266.817,  0.0844033,1
0.8, 0x3ff9b5a0,  0.0801305,266.817,  0.0844033,1
0.8, 0x4107e020,  0.0700837,266.817,  0.0844033,1
0.91, 0x25225fd0,  0.197547,266.083,  0.20545,1
0.81, 0x41080fd0,  0.0888536,266.75,  0.0917459,1
0.81, 0x4106f700,  0.0856648,266.75,  0.0917459,1
0.85, 0x1b261ae0,  0.118145,266.483,  0.125346,1
0.85, 0x1b2732e0,  0.122244,266.483,  0.125346,1
0.85, 0x1b2531b0,  0.121163,266.483,  0.125346,1
0.93, 0x252175a0,  0.224088,265.95,  0.23224,1
0.82, 0x3fface70,  0.0946784,266.683,  0.0995034,1
0.86, 0x1b258f00,  0.125953,266.417,  0.134841,1
0.86, 0x1b249200,  0.126107,266.417,  0.134841,1
0.82, 0x4105b050,  0.0920741,266.683,  0.0995034,1
0.86, 0x1b25bda0,  0.126278,266.417,  0.134841,1
0.87, 0x1b250310,  0.138953,266.35,  0.144789,1
0.83, 0x4104e200,  0.106454,266.617,  0.107684,1
0.83, 0x41086d10,  0.101005,266.617,  0.107684,1
0.87, 0x1b27ee70,  0.136367,266.35,  0.144789,1
0.83, 0x4106c860,  0.106457,266.617,  0.107684,1
0.83, 0x3ff84050,  0.103425,266.617,  0.107684,1
0.83, 0x3ff9e440,  0.106464,266.617,  0.107684,1
0.88, 0x1b256050,  0.148664,266.283,  0.155194,1
0.84, 0x4104f620,  0.11485,266.55,  0.116296,1
0.84, 0x41055310,  0.114796,266.55,  0.116296,1
0.89, 0x1b264a10,  0.162333,266.217,  0.166062,1
0.89, 0x1b270440,  0.155225,266.217,  0.166062,1
0.85, 0x3ff811b0,  0.118561,266.483,  0.125346,1
0.85, 0x3ff92a10,  0.124593,266.483,  0.125346,1
0.98, 0x2522bd10,  0.295353,265.617,  0.308077,1
0.9, 0x1b279020,  0.192021,266.15,  0.192805,1
0.9, 0x1b26a700,  0.179404,266.15,  0.192805,1
0.86, 0x410725a0,  0.126343,266.417,  0.134841,1
0.86, 0x3ffa12e0,  0.126205,266.417,  0.134841,1
0.86, 0x3ffb2bb0,  0.130782,266.417,  0.134841,1
0.86, 0x3ff89da0,  0.130324,266.417,  0.134841,1
0.86, 0x3ffa7020,  0.128777,266.417,  0.134841,1
0.87, 0x41075440,  0.134892,266.35,  0.144789,1
0.87, 0x3ff95860,  0.138413,266.35,  0.144789,1
0.92, 0x1b25ec40,  0.217074,266.017,  0.218594,1
0.88, 0x41066ae0,  0.147443,266.283,  0.155194,1
0.93, 0x1b27bfd0,  0.230668,265.95,  0.23224,1
0.9, 0x41089bb0,  0.192128,266.15,  0.192805,1
0.9, 0x4107b180,  0.182449,266.15,  0.192805,1
0.9, 0x3ffa4180,  0.170723,266.15,  0.192805,1
0.9, 0x3ff8cc40,  0.171976,266.15,  0.192805,1
0.91, 0x3ff98700,  0.205375,266.083,  0.20545,1
0.98, 0x1b26d5a0,  0.302586,265.617,  0.308077,1
0.57, 0x423db2e0,  0.00204527,268.35,  0.00244772,1
0.6, 0x25ec6440,  0.00359227,268.15,  0.00565032,1
0.7, 0x423c6c40,  0.0228041,267.483,  0.0275674,1
0.72, 0x423cf860,  0.0309691,267.35,  0.0344963,1
0.66, 0x25ed1fd0,  0.0123863,267.75,  0.0138753,1
0.74, 0x423e9d10,  0.0401129,267.217,  0.0425902,1
0.69, 0x25ec35a0,  0.0195057,267.55,  0.0203719,1
0.71, 0x3bee8050,  0.0287706,267.417,  0.0308921,1
0.7, 0x25ed4e70,  0.0243565,267.483,  0.0275674,1
0.78, 0x423de180,  0.062368,266.95,  0.0626368,1
0.72, 0x25ec92e0,  0.0314731,267.35,  0.0344963,1
0.72, 0x25eb7ae0,  0.0342408,267.35,  0.0344963,1
0.74, 0x3bf0b020,  0.0385342,267.217,  0.0425902,1
0.8, 0x311d3da0,  0.0734497,266.817,  0.0844033,1
0.8, 0x311f1020,  0.0795348,266.817,  0.0844033,1
0.75, 0x3beedda0,  0.0428741,267.15,  0.0471031,1
0.81, 0x423cca10,  0.0905496,266.75,  0.0917459,1
0.82, 0x311ce050,  0.0990384,266.683,  0.0995034,1
0.75, 0x25ebaa10,  0.0427534,267.15,  0.0471031,1
0.82, 0x423b5470,  0.0961527,266.683,  0.0995034,1
0.78, 0x3bf10e70,  0.0608105,266.95,  0.0626368,1
0.76, 0x25eb4c40,  0.0504373,267.083,  0.0519413,1
0.83, 0x423d55a0,  0.102954,266.617,  0.107684,1
0.83, 0x423bb1b0,  0.100838,266.617,  0.107684,1
0.84, 0x311c1200,  0.114235,266.55,  0.116296,1
0.8, 0x3bee2310,  0.0810236,266.817,  0.0844033,1
0.8, 0x3bedf470,  0.069021,266.817,  0.0844033,1
0.78, 0x25ed7d10,  0.0574601,266.95,  0.0626368,1
0.85, 0x423e1020,  0.118117,266.483,  0.125346,1
0.85, 0x423c0f00,  0.121892,266.483,  0.125346,1
0.85, 0x423ecbb0,  0.123574,266.483,  0.125346,1
0.85, 0x311e55a0,  0.123411,266.483,  0.125346,1
0.85, 0x423e6e70,  0.123453,266.483,  0.125346,1
0.81, 0x3bee51b0,  0.0877539,266.75,  0.0917459,1
0.81, 0x3bf02440,  0.0874039,266.75,  0.0917459,1
0.79, 0x25ecf020,  0.0644958,266.883,  0.0685144,1
0.86, 0x423b1200,  0.127746,266.417,  0.134841,1
0.86, 0x423c3da0,  0.131881,266.417,  0.134841,1
0.82, 0x3bedb200,  0.0949109,266.683,  0.0995034,1
0.86, 0x311fcbb0,  0.128722,266.417,  0.134841,1
0.86, 0x311d6c40,  0.129619,266.417,  0.134841,1
0.8, 0x25ebd860,  0.0725708,266.817,  0.0844033,1
0.8, 0x25eaef00,  0.0722035,266.817,  0.0844033,1
0.8, 0x25e9f200,  0.0771334,266.817,  0.0844033,1
0.8, 0x25ea91b0,  0.0731907,266.817,  0.0844033,1
0.87, 0x311c8310,  0.144159,266.35,  0.144789,1
0.87, 0x311e2700,  0.142003,266.35,  0.144789,1
0.87, 0x311f3fd0,  0.141135,266.35,  0.144789,1
0.81, 0x25eb1da0,  0.0852786,266.75,  0.0917459,1
0.84, 0x3bedc620,  0.11117,266.55,  0.116296,1
0.84, 0x3beeaf00,  0.110686,266.55,  0.116296,1
0.88, 0x423b2620,  0.148131,266.283,  0.155194,1
0.88, 0x423b8310,  0.153371,266.283,  0.155194,1
0.84, 0x3bf16bb0,  0.107925,266.55,  0.116296,1
0.84, 0x3bef9860,  0.11285,266.55,  0.116296,1
0.88, 0x311d0f00,  0.147571,266.283,  0.155194,1
0.88, 0x311c2620,  0.148865,266.283,  0.155194,1
0.88, 0x311c5470,  0.15155,266.283,  0.155194,1
0.82, 0x25eac050,  0.093426,266.683,  0.0995034,1
0.85, 0x3bef3ae0,  0.122754,266.483,  0.125346,1
0.85, 0x3beff5a0,  0.117598,266.483,  0.125346,1
0.83, 0x25ea6310,  0.100087,266.617,  0.107684,1
0.89, 0x311d9ae0,  0.16004,266.217,  0.166062,1
0.89, 0x311f6e70,  0.156316,266.217,  0.166062,1
0.89, 0x311cb1b0,  0.157996,266.217,  0.166062,1
0.9, 0x423e3fd0,  0.173383,266.15,  0.192805,1
0.9, 0x423be050,  0.187856,266.15,  0.192805,1
0.84, 0x25ea0620,  0.108528,266.55,  0.116296,1
0.9, 0x423c9ae0,  0.184854,266.15,  0.192805,1
0.86, 0x3bf13d10,  0.129546,266.417,  0.134841,1
0.9, 0x423d8440,  0.183836,266.15,  0.192805,1
0.86, 0x3bf08180,  0.126831,266.417,  0.134841,1
0.9, 0x311dca10,  0.185058,266.15,  0.192805,1
0.9, 0x311f9d10,  0.192206,266.15,  0.192805,1
0.9, 0x311e8440,  0.187245,266.15,  0.192805,1
0.9, 0x311eb2e0,  0.188037,266.15,  0.192805,1
0.9, 0x311df860,  0.184059,266.15,  0.192805,1
0.92, 0x423d2700,  0.210395,266.017,  0.218594,1
0.93, 0x311ee180,  0.228636,265.95,  0.23224,1
0.9, 0x3bef0c40,  0.172314,266.15,  0.192805,1
0.9, 0x3bf0dfd0,  0.168338,266.15,  0.192805,1
0.9, 0x3befc700,  0.171732,266.15,  0.192805,1
0.9, 0x3bef6a10,  0.185294,266.15,  0.192805,1
0.9, 0x3bf052e0,  0.16944,266.15,  0.192805,1
0.88, 0x25ea3470,  0.148571,266.283,  0.155194,1
0.9, 0x25edabb0,  0.170223,266.15,  0.192805,1
0.93, 0x25ecc180,  0.226307,265.95,  0.23224,1
0.93, 0x25ec0700,  0.223552,265.95,  0.23224,1
0.64, 0x1f81b440,  0.00969809,267.883,  0.0105026,1
0.69, 0x1f80cae0,  0.0185193,267.55,  0.0203719,1
0.74, 0x11d6f5a0,  0.0421403,267.217,  0.0425902,1
0.73, 0x1f7f5620,  0.0379044,267.283,  0.0383918,1
0.78, 0x11d60c40,  0.0611872,266.95,  0.0626368,1
0.76, 0x1f829e70,  0.0486814,267.083,  0.0519413,1
0.74, 0x2d881200,  0.0411688,267.217,  0.0425902,1
0.8, 0x11d5dda0,  0.068644,266.817,  0.0844033,1
0.87, 0x45190ae0,  0.139939,266.35,  0.144789,1
0.79, 0x1f803f00,  0.0656059,266.883,  0.0685144,1
0.77, 0x2d899ae0,  0.0567119,267.017,  0.0571158,1
0.77, 0x2d882620,  0.0561127,267.017,  0.0571158,1
0.89, 0x451aafd0,  0.159182,266.217,  0.166062,1
0.8, 0x1f7f4200,  0.075171,266.817,  0.0844033,1
0.8, 0x1f815700,  0.0822302,266.817,  0.0844033,1
0.8, 0x1f7fb310,  0.0796554,266.817,  0.0844033,1
0.8, 0x1f809c40,  0.0826575,266.817,  0.0844033,1
0.8, 0x1f7fe1b0,  0.0773274,266.817,  0.0844033,1
0.83, 0x11d86bb0,  0.107657,266.617,  0.107684,1
0.8, 0x1f824020,  0.0820582,266.817,  0.0844033,1
0.9, 0x45199700,  0.192305,266.15,  0.192805,1
0.9, 0x45178200,  0.177756,266.15,  0.192805,1
0.8, 0x1f801050,  0.081034,266.817,  0.0844033,1
0.9, 0x45196860,  0.190095,266.15,  0.192805,1
0.9, 0x45185050,  0.1858,266.15,  0.192805,1
0.9, 0x4517c470,  0.184938,266.15,  0.192805,1
0.81, 0x1f806da0,  0.0846115,266.75,  0.0917459,1
0.91, 0x451b0d10,  0.199886,266.083,  0.20545,1
0.91, 0x4518ada0,  0.19599,266.083,  0.20545,1
0.85, 0x11d5af00,  0.122109,266.483,  0.125346,1
0.92, 0x451a22e0,  0.211986,266.017,  0.218594,1
0.92, 0x4518dc40,  0.217725,266.017,  0.218594,1
0.92, 0x451a8020,  0.205941,266.017,  0.218594,1
0.86, 0x11d63ae0,  0.134761,266.417,  0.134841,1
0.86, 0x11d4c620,  0.1293,266.417,  0.134841,1
0.83, 0x1f821180,  0.107449,266.617,  0.107684,1
0.86, 0x11d80e70,  0.127396,266.417,  0.134841,1
0.83, 0x1f82fbb0,  0.102232,266.617,  0.107684,1
0.86, 0x11d58050,  0.129068,266.417,  0.134841,1
0.81, 0x2d888310,  0.0877651,266.75,  0.0917459,1
0.93, 0x45193a10,  0.228907,265.95,  0.23224,1
0.93, 0x451821b0,  0.230241,265.95,  0.23224,1
0.84, 0x1f7f8470,  0.112885,266.55,  0.116296,1
0.87, 0x11d52310,  0.135449,266.35,  0.144789,1
0.87, 0x11d7dfd0,  0.141556,266.35,  0.144789,1
0.87, 0x11d6c700,  0.14468,266.35,  0.144789,1
0.87, 0x11d72440,  0.142776,266.35,  0.144789,1
0.94, 0x4519c5a0,  0.234877,265.883,  0.24639,1
0.94, 0x45187f00,  0.237045,265.883,  0.24639,1
0.85, 0x1f8185a0,  0.122646,266.483,  0.125346,1
0.88, 0x11d4f470,  0.151085,266.283,  0.155194,1
0.95, 0x451a5180,  0.254491,265.817,  0.261047,1
0.95, 0x451b3bb0,  0.247816,265.817,  0.261047,1
0.86, 0x1f80fa10,  0.129272,266.417,  0.134841,1
0.96, 0x45179620,  0.269648,265.75,  0.276213,1
0.97, 0x451ade70,  0.291392,265.683,  0.291889,1
0.9, 0x11d4b200,  0.169602,266.15,  0.192805,1
0.9, 0x11d551b0,  0.188229,266.15,  0.192805,1
0.88, 0x1f81e2e0,  0.148945,266.283,  0.155194,1
0.98, 0x4517f310,  0.29401,265.617,  0.308077,1
0.91, 0x11d66a10,  0.193514,266.083,  0.20545,1
0.91, 0x11d69860,  0.197685,266.083,  0.20545,1
0.89, 0x1f82cd10,  0.155894,266.217,  0.166062,1
0.86, 0x2d890f00,  0.126658,266.417,  0.134841,1
0.86, 0x2d8b6e70,  0.131642,266.417,  0.134841,1
0.86, 0x2d88e050,  0.130386,266.417,  0.134841,1
0.92, 0x11d752e0,  0.207609,266.017,  0.218594,1
0.92, 0x11d7b020,  0.211191,266.017,  0.218594,1
0.87, 0x2d8b3fd0,  0.141702,266.35,  0.144789,1
0.87, 0x2d896c40,  0.137447,266.35,  0.144789,1
0.87, 0x2d8a55a0,  0.136764,266.35,  0.144789,1
0.88, 0x2d893da0,  0.147258,266.283,  0.155194,1
0.88, 0x2d8b1020,  0.148504,266.283,  0.155194,1
0.95, 0x11d83d10,  0.251247,265.817,  0.261047,1
0.89, 0x2d8bcbb0,  0.160128,266.217,  0.166062,1
0.89, 0x2d8a8440,  0.155775,266.217,  0.166062,1
0.93, 0x1f826fd0,  0.225866,265.95,  0.23224,1
0.93, 0x1f812860,  0.227256,265.95,  0.23224,1
0.9, 0x2d89ca10,  0.181398,266.15,  0.192805,1
0.9, 0x2d88b1b0,  0.17683,266.15,  0.192805,1
0.9, 0x2d8a2700,  0.187525,266.15,  0.192805,1
0.9, 0x2d885470,  0.167806,266.15,  0.192805,1
0.97, 0x11d78180,  0.286679,265.683,  0.291889,1
1.05, 0x4519f440,  0.451711,265.15,  0.460881,1
0.91, 0x2d8ae180,  0.193159,266.083,  0.20545,1
0.92, 0x2d8ab2e0,  0.214675,266.017,  0.218594,1
0.95, 0x2d89f860,  0.252091,265.817,  0.261047,1
0.95, 0x2d8b9d10,  0.257996,265.817,  0.261047,1
0.8, 0x1520d310,  0.0733069,266.817,  0.0844033,1
0.81, 0x152101b0,  0.0903361,266.75,  0.0917459,1
0.81, 0x15207620,  0.0865207,266.75,  0.0917459,1
0.8, 0x1b400ae0,  0.0833882,266.817,  0.0844033,1
0.83, 0x15206200,  0.101907,266.617,  0.107684,1
0.81, 0x1b3f5050,  0.0878271,266.75,  0.0917459,1
0.82, 0x1b41afd0,  0.0992696,266.683,  0.0995034,1
0.84, 0x1521eae0,  0.111239,266.55,  0.116296,1
0.82, 0x1b3f7f00,  0.0961703,266.683,  0.0995034,1
0.84, 0x15215f00,  0.10976,266.55,  0.116296,1
0.84, 0x15218da0,  0.108741,266.55,  0.116296,1
0.83, 0x1b3ef310,  0.107666,266.617,  0.107684,1
0.85, 0x15238fd0,  0.120073,266.483,  0.125346,1
0.85, 0x1520a470,  0.119479,266.483,  0.125346,1
0.84, 0x1b40c5a0,  0.11426,266.55,  0.116296,1
0.84, 0x1b3e9620,  0.112259,266.55,  0.116296,1
0.86, 0x1522a5a0,  0.129165,266.417,  0.134841,1
0.85, 0x1b418020,  0.120759,266.483,  0.125346,1
0.86, 0x1b40f440,  0.131952,266.417,  0.134841,1
0.86, 0x1b3fdc40,  0.129269,266.417,  0.134841,1
0.87, 0x1b409700,  0.13567,266.35,  0.144789,1
0.89, 0x15213050,  0.16359,266.217,  0.166062,1
0.89, 0x15224860,  0.161626,266.217,  0.166062,1
0.89, 0x15241bb0,  0.159539,266.217,  0.166062,1
0.8, 0x20f2e020,  0.0780688,266.817,  0.0844033,1
0.9, 0x1523ed10,  0.189537,266.15,  0.192805,1
0.9, 0x15233180,  0.177197,266.15,  0.192805,1
0.9, 0x15236020,  0.179694,266.15,  0.192805,1
0.81, 0x20f2b180,  0.0894016,266.75,  0.0917459,1
0.9, 0x1b403a10,  0.179787,266.15,  0.192805,1
0.9, 0x1b41de70,  0.173518,266.15,  0.192805,1
0.9, 0x1b3e8200,  0.182594,266.15,  0.192805,1
0.9, 0x1b423bb0,  0.175401,266.15,  0.192805,1
0.92, 0x152302e0,  0.214126,266.017,  0.218594,1
0.92, 0x1521bc40,  0.210904,266.017,  0.218594,1
0.91, 0x1b3f21b0,  0.198528,266.083,  0.20545,1
0.91, 0x1b3ec470,  0.203022,266.083,  0.20545,1
0.93, 0x15227700,  0.227311,265.95,  0.23224,1
0.83, 0x20f1f700,  0.104062,266.617,  0.107684,1
0.92, 0x1b406860,  0.214941,266.017,  0.218594,1
0.92, 0x1b3fada0,  0.205683,266.017,  0.218594,1
0.92, 0x1b415180,  0.214381,266.017,  0.218594,1
0.94, 0x1522d440,  0.245458,265.883,  0.24639,1
0.85, 0x20f05310,  0.120886,266.483,  0.125346,1
0.96, 0x1523be70,  0.261207,265.75,  0.276213,1
0.86, 0x20f02470,  0.128083,266.417,  0.134841,1
0.96, 0x1b4122e0,  0.274696,265.75,  0.276213,1
0.97, 0x15221a10,  0.276666,265.683,  0.291889,1
0.9, 0x32bfb620,  0.190838,266.15,  0.192805,1
0.87, 0x20f081b0,  0.142159,266.35,  0.144789,1
0.87, 0x20f13c40,  0.140902,266.35,  0.144789,1
0.88, 0x20efe200,  0.147225,266.283,  0.155194,1
0.88, 0x20f36d10,  0.152826,266.283,  0.155194,1
0.88, 0x20f282e0,  0.154775,266.283,  0.155194,1
0.88, 0x20f0df00,  0.153354,266.283,  0.155194,1
0.88, 0x20f1c860,  0.152527,266.283,  0.155194,1
0.93, 0x32c12ae0,  0.229138,265.95,  0.23224,1
0.93, 0x32c01310,  0.223114,265.95,  0.23224,1
0.9, 0x20f0b050,  0.178876,266.15,  0.192805,1
0.9, 0x20f10da0,  0.173888,266.15,  0.192805,1
0.9, 0x20f39bb0,  0.17243,266.15,  0.192805,1
0.9, 0x20f30fd0,  0.192538,266.15,  0.192805,1
0.9, 0x20f225a0,  0.177052,266.15,  0.192805,1
0.9, 0x20f19a10,  0.168535,266.15,  0.192805,1
0.9, 0x20f33e70,  0.170849,266.15,  0.192805,1
0.94, 0x32c07050,  0.239732,265.883,  0.24639,1
0.94, 0x32c2a020,  0.240821,265.883,  0.24639,1
0.95, 0x32c09f00,  0.253754,265.817,  0.261047,1
0.95, 0x32bfa200,  0.26049,265.817,  0.261047,1
0.95, 0x32c2fe70,  0.256661,265.817,  0.261047,1
1.04, 0x1b420d10,  0.431628,265.217,  0.440215,1
0.92, 0x20f16ae0,  0.210606,266.017,  0.218594,1
0.92, 0x20f25440,  0.218155,266.017,  0.218594,1
0.96, 0x32c041b0,  0.262714,265.75,  0.276213,1
0.96, 0x32c0fc40,  0.268179,265.75,  0.276213,1
0.96, 0x32c1e5a0,  0.263165,265.75,  0.276213,1
0.93, 0x20eff620,  0.223045,265.95,  0.23224,1
0.97, 0x32c0cda0,  0.291372,265.683,  0.291889,1
0.97, 0x32c21440,  0.278768,265.683,  0.291889,1
0.98, 0x32c2cfd0,  0.296938,265.617,  0.308077,1
0.98, 0x32c1b700,  0.294092,265.617,  0.308077,1
0.99, 0x32bfe470,  0.312964,265.55,  0.324778,1
1, 0x32c15a10,  0.356291,265.483,  0.362778,1
1.01, 0x32c242e0,  0.380434,265.417,  0.381351,1
1.01, 0x32c27180,  0.373591,265.417,  0.381351,1
1.02, 0x32c35bb0,  0.39406,265.35,  0.400448,1
1.03, 0x32c18860,  0.412064,265.283,  0.42007,1
1.04, 0x32c32d10,  0.439708,265.217,  0.440215,1
0.7, 0x4c47d310,  0.0207387,267.483,  0.0275674,1
0.71, 0x4c49a5a0,  0.0294541,267.417,  0.0308921,1
0.72, 0x4c477620,  0.0343516,267.35,  0.0344963,1
0.73, 0x4c48bc40,  0.0366088,267.283,  0.0383918,1
0.74, 0x4c4aed10,  0.0419062,267.217,  0.0425902,1
0.77, 0x4c476200,  0.0533814,267.017,  0.0571158,1
0.77, 0x4c4801b0,  0.0553412,267.017,  0.0571158,1
0.8, 0x4c4a02e0,  0.0746669,266.817,  0.0844033,1
0.8, 0x4c47a470,  0.078013,266.817,  0.0844033,1
0.8, 0x4c485f00,  0.0754723,266.817,  0.0844033,1
0.8, 0x4c494860,  0.0700963,266.817,  0.0844033,1
0.81, 0x4c48eae0,  0.0862989,266.75,  0.0917459,1
0.81, 0x4c491a10,  0.0878505,266.75,  0.0917459,1
0.82, 0x4c4a8fd0,  0.0938303,266.683,  0.0995034,1
0.82, 0x4c4abe70,  0.0969229,266.683,  0.0995034,1
0.83, 0x4c49d440,  0.10471,266.617,  0.107684,1
0.84, 0x4c488da0,  0.109147,266.55,  0.116296,1
0.84, 0x4c4a6020,  0.113419,266.55,  0.116296,1
0.86, 0x4c4a3180,  0.134081,266.417,  0.134841,1
0.88, 0x4c483050,  0.152881,266.283,  0.155194,1
0.83, 0x28f45860,  0.105431,266.617,  0.107684,1
0.83, 0x28f2b470,  0.104076,266.617,  0.107684,1
0.84, 0x28f311b0,  0.112736,266.55,  0.116296,1
0.84, 0x28f39da0,  0.112792,266.55,  0.116296,1
0.85, 0x28f27200,  0.120269,266.483,  0.125346,1
0.91, 0x4c497700,  0.202762,266.083,  0.20545,1
0.86, 0x28f512e0,  0.12616,266.417,  0.134841,1
0.84, 0x422f0860,  0.109118,266.55,  0.116296,1
0.87, 0x28f36f00,  0.13518,266.35,  0.144789,1
0.87, 0x28f42a10,  0.141248,266.35,  0.144789,1
0.94, 0x4c4b1bb0,  0.241404,265.883,  0.24639,1
0.88, 0x28f28620,  0.150513,266.283,  0.155194,1
0.88, 0x28f34050,  0.154978,266.283,  0.155194,1
0.86, 0x4230ad10,  0.130494,266.417,  0.134841,1
0.86, 0x422ff180,  0.128623,266.417,  0.134841,1
0.9, 0x28f3fae0,  0.190331,266.15,  0.192805,1
0.9, 0x28f5fd10,  0.179419,266.15,  0.192805,1
0.9, 0x28f62bb0,  0.178795,266.15,  0.192805,1
0.88, 0x422d6470,  0.152743,266.283,  0.155194,1
0.91, 0x28f2e310,  0.193739,266.083,  0.20545,1
0.91, 0x28f4b5a0,  0.195674,266.083,  0.20545,1
0.91, 0x28f57020,  0.198616,266.083,  0.20545,1
0.89, 0x422d2200,  0.156872,266.217,  0.166062,1
0.89, 0x422e4da0,  0.16389,266.217,  0.166062,1
0.89, 0x422df050,  0.16268,266.217,  0.166062,1
0.92, 0x28f48700,  0.209762,266.017,  0.218594,1
0.92, 0x28f54180,  0.217546,266.017,  0.218594,1
0.92, 0x28f59fd0,  0.206218,266.017,  0.218594,1
0.92, 0x28f3cc40,  0.212947,266.017,  0.218594,1
0.9, 0x422d3620,  0.177087,266.15,  0.192805,1
0.9, 0x4230dbb0,  0.186494,266.15,  0.192805,1
0.9, 0x422d9310,  0.187887,266.15,  0.192805,1
0.9, 0x422f3700,  0.191719,266.15,  0.192805,1
0.9, 0x422fc2e0,  0.192738,266.15,  0.192805,1
0.9, 0x422dc1b0,  0.17948,266.15,  0.192805,1
0.93, 0x28f4e440,  0.230856,265.95,  0.23224,1
0.91, 0x422eda10,  0.192906,266.083,  0.20545,1
0.92, 0x422f65a0,  0.217959,266.017,  0.218594,1
0.92, 0x422e1f00,  0.213483,266.017,  0.218594,1
0.94, 0x422e7c40,  0.241865,265.883,  0.24639,1
0.94, 0x42302020,  0.237338,265.883,  0.24639,1
0.98, 0x28f5ce70,  0.295518,265.617,  0.308077,1
0.95, 0x42307e70,  0.257443,265.817,  0.261047,1
0.97, 0x422f9440,  0.284895,265.683,  0.291889,1
0.98, 0x42304fd0,  0.304647,265.617,  0.308077,1
1, 0x422eaae0,  0.341439,265.483,  0.362778,1
0.94, 0x37d64470,  0.244053,265.883,  0.24639,1
0.95, 0x37d845a0,  0.246768,265.817,  0.261047,1
0.95, 0x37d6a1b0,  0.250502,265.817,  0.261047,1
0.96, 0x37d78ae0,  0.27469,265.75,  0.276213,1
0.96, 0x37d92fd0,  0.261843,265.75,  0.276213,1
0.96, 0x37d72da0,  0.267426,265.75,  0.276213,1
0.97, 0x37d60200,  0.28115,265.683,  0.291889,1
0.97, 0x37d6d050,  0.288004,265.683,  0.291889,1
0.98, 0x37d67310,  0.294013,265.617,  0.308077,1
0.98, 0x37d9bbb0,  0.29787,265.617,  0.308077,1
0.99, 0x37d61620,  0.312129,265.55,  0.324778,1
0.99, 0x37d87440,  0.317094,265.55,  0.324778,1
1, 0x37d98d10,  0.358086,265.483,  0.362778,1
1, 0x37d95e70,  0.331266,265.483,  0.362778,1
1, 0x37d6ff00,  0.34704,265.483,  0.362778,1
1, 0x37d7e860,  0.337108,265.483,  0.362778,1
1, 0x37d8d180,  0.359918,265.483,  0.362778,1
1, 0x37d75c40,  0.33483,265.483,  0.362778,1
1.01, 0x37d81700,  0.363195,265.417,  0.381351,1
1.01, 0x37d8a2e0,  0.37962,265.417,  0.381351,1
1.01, 0x37d90020,  0.363581,265.417,  0.381351,1
1.07, 0x37d7ba10,  0.497011,265.017,  0.503769,1
0.71, 0x14e10440,  0.0297311,267.417,  0.0308921,1
0.76, 0x14e01ae0,  0.0499647,267.083,  0.0519413,1
0.73, 0x2aff2440,  0.0364095,267.283,  0.0383918,1
0.78, 0x14de9200,  0.0599776,266.95,  0.0626368,1
0.79, 0x14dfec40,  0.0657288,266.883,  0.0685144,1
0.8, 0x14e1bfd0,  0.0778295,266.817,  0.0844033,1
0.8, 0x14df31b0,  0.0732071,266.817,  0.0844033,1
0.8, 0x14dfbda0,  0.0798284,266.817,  0.0844033,1
0.8, 0x14df6050,  0.0766526,266.817,  0.0844033,1
0.81, 0x14df0310,  0.0897135,266.75,  0.0917459,1
0.82, 0x14e132e0,  0.0930089,266.683,  0.0995034,1
0.73, 0x1d6f0050,  0.0369307,267.283,  0.0383918,1
0.83, 0x14e1ee70,  0.100356,266.617,  0.107684,1
0.84, 0x14e04a10,  0.112769,266.55,  0.116296,1
0.85, 0x14e21d10,  0.117784,266.483,  0.125346,1
0.85, 0x14ded470,  0.117715,266.483,  0.125346,1
0.82, 0x2b006bb0,  0.0952525,266.683,  0.0995034,1
0.78, 0x1d6ea310,  0.0594794,266.95,  0.0626368,1
0.88, 0x14df8f00,  0.148281,266.283,  0.155194,1
0.83, 0x2afddda0,  0.10363,266.617,  0.107684,1
0.89, 0x14dea620,  0.15768,266.217,  0.166062,1
0.89, 0x14e0d5a0,  0.166032,266.217,  0.166062,1
0.84, 0x2afec700,  0.116102,266.55,  0.116296,1
0.9, 0x14e19020,  0.176943,266.15,  0.192805,1
0.8, 0x1d713020,  0.0802767,266.817,  0.0844033,1
0.85, 0x2afd8050,  0.118777,266.483,  0.125346,1
0.86, 0x2afcb200,  0.13221,266.417,  0.134841,1
0.92, 0x14e07860,  0.215995,266.017,  0.218594,1
0.81, 0x1d6f5da0,  0.0900936,266.75,  0.0917459,1
0.86, 0x2afcf470,  0.128729,266.417,  0.134841,1
0.82, 0x1d7075a0,  0.094868,266.683,  0.0995034,1
0.87, 0x2afef5a0,  0.136247,266.35,  0.144789,1
0.94, 0x14e24bb0,  0.245382,265.883,  0.24639,1
0.88, 0x2afd2310,  0.154448,266.283,  0.155194,1
0.96, 0x14e16180,  0.273345,265.75,  0.276213,1
0.84, 0x1d704700,  0.109199,266.55,  0.116296,1
0.88, 0x292c9200,  0.153609,266.283,  0.155194,1
0.89, 0x2afe0c40,  0.158864,266.217,  0.166062,1
0.89, 0x2affb020,  0.157492,266.217,  0.166062,1
0.85, 0x1d6e4620,  0.121031,266.483,  0.125346,1
0.9, 0x2afdaf00,  0.187409,266.15,  0.192805,1
0.9, 0x2afcc620,  0.191472,266.15,  0.192805,1
0.86, 0x1d6e3200,  0.128566,266.417,  0.134841,1
0.86, 0x1d6ed1b0,  0.133272,266.417,  0.134841,1
0.86, 0x1d6f2f00,  0.130355,266.417,  0.134841,1
0.99, 0x14e0a700,  0.322219,265.55,  0.324778,1
0.9, 0x292f32e0,  0.179082,266.15,  0.192805,1
0.9, 0x292d8f00,  0.190705,266.15,  0.192805,1
0.9, 0x292ca620,  0.192371,266.15,  0.192805,1
0.9, 0x292d31b0,  0.171074,266.15,  0.192805,1
0.9, 0x292dbda0,  0.190053,266.15,  0.192805,1
0.9, 0x292cd470,  0.182301,266.15,  0.192805,1
0.92, 0x2b003d10,  0.213449,266.017,  0.218594,1
0.92, 0x2afe3ae0,  0.206194,266.017,  0.218594,1
0.92, 0x2aff8180,  0.217894,266.017,  0.218594,1
0.91, 0x292d0310,  0.205191,266.083,  0.20545,1
0.91, 0x292e4a10,  0.199824,266.083,  0.20545,1
0.92, 0x2afe9860,  0.210063,266.017,  0.218594,1
0.88, 0x1d6e7470,  0.1498,266.283,  0.155194,1
0.88, 0x1d71bd10,  0.150583,266.283,  0.155194,1
0.88, 0x1d70d2e0,  0.147083,266.283,  0.155194,1
0.88, 0x1d6fea10,  0.149538,266.283,  0.155194,1
0.88, 0x1d701860,  0.151123,266.283,  0.155194,1
0.93, 0x2affdfd0,  0.223628,265.95,  0.23224,1
0.93, 0x2aff52e0,  0.220112,265.95,  0.23224,1
0.93, 0x2afe6a10,  0.225495,265.95,  0.23224,1
0.93, 0x2afd51b0,  0.221607,265.95,  0.23224,1
0.92, 0x292d6050,  0.216947,266.017,  0.218594,1
0.89, 0x1d710180,  0.155356,266.217,  0.166062,1
0.94, 0x2b000e70,  0.242109,265.883,  0.24639,1
0.89, 0x1d718e70,  0.163669,266.217,  0.166062,1
0.93, 0x292e1ae0,  0.232106,265.95,  0.23224,1
0.9, 0x1d70a440,  0.177175,266.15,  0.192805,1
0.95, 0x292e7860,  0.254488,265.817,  0.261047,1
0.95, 0x292fee70,  0.255875,265.817,  0.261047,1
0.95, 0x292f9020,  0.259451,265.817,  0.261047,1
0.95, 0x29304bb0,  0.251943,265.817,  0.261047,1
0.93, 0x1d6f8c40,  0.229854,265.95,  0.23224,1
0.96, 0x292ea700,  0.264782,265.75,  0.276213,1
0.94, 0x1d71ebb0,  0.243203,265.883,  0.24639,1
0.97, 0x292f6180,  0.281854,265.683,  0.291889,1
0.97, 0x29301d10,  0.282676,265.683,  0.291889,1
0.97, 0x292ed5a0,  0.283092,265.683,  0.291889,1
0.98, 0x292dec40,  0.296177,265.617,  0.308077,1
0.99, 0x292fbfd0,  0.310205,265.55,  0.324778,1
0.97, 0x1d6fbae0,  0.277672,265.683,  0.291889,1
1, 0x292f0440,  0.350755,265.483,  0.362778,1
0.99, 0x1d715fd0,  0.310058,265.55,  0.324778,1
0.66, 0x18f89620,  0.0130714,267.75,  0.0138753,1
0.74, 0x18f88200,  0.0405717,267.217,  0.0425902,1
0.75, 0x18f95050,  0.0454634,267.15,  0.0471031,1
0.76, 0x18f97f00,  0.0505351,267.083,  0.0519413,1
0.77, 0x18f8c470,  0.0570651,267.017,  0.0571158,1
0.77, 0x18f8f310,  0.0532696,267.017,  0.0571158,1
0.77, 0x18f921b0,  0.0549439,267.017,  0.0571158,1
0.82, 0x18fb22e0,  0.0956024,266.683,  0.0995034,1
0.85, 0x18fac5a0,  0.122735,266.483,  0.125346,1
0.87, 0x18fb8020,  0.139926,266.35,  0.144789,1
0.88, 0x18fbde70,  0.15378,266.283,  0.155194,1
0.9, 0x18f9ada0,  0.169737,266.15,  0.192805,1
0.9, 0x18faf440,  0.1807,266.15,  0.192805,1
0.9, 0x18fc3bb0,  0.187265,266.15,  0.192805,1
0.9, 0x18fa3a10,  0.166737,266.15,  0.192805,1
0.92, 0x18fbafd0,  0.214664,266.017,  0.218594,1
0.93, 0x18fa9700,  0.221646,265.95,  0.23224,1
0.93, 0x18fa0ae0,  0.226519,265.95,  0.23224,1
0.95, 0x18fb5180,  0.256026,265.817,  0.261047,1
0.96, 0x18f9dc40,  0.26405,265.75,  0.276213,1
0.98, 0x18fa6860,  0.307638,265.617,  0.308077,1
1.03, 0x18fc0d10,  0.420067,265.283,  0.42007,1
0.66, 0xd1f92e0,  0.0128105,267.75,  0.0138753,1
0.66, 0xd1eaa10,  0.0127517,267.75,  0.0138753,1
0.75, 0xd1ff020,  0.0469041,267.15,  0.0471031,1
0.78, 0xd1dc050,  0.0600247,266.95,  0.0626368,1
0.79, 0xd1ed860,  0.0627709,266.883,  0.0685144,1
0.8, 0xd1def00,  0.0756241,266.817,  0.0844033,1
0.8, 0xd1cf200,  0.0811535,266.817,  0.0844033,1
0.8, 0xd1e1da0,  0.0753935,266.817,  0.0844033,1
0.8, 0xd204e70,  0.0712544,266.817,  0.0844033,1
0.8, 0xd1f6440,  0.0714498,266.817,  0.0844033,1
0.82, 0xd1e4c40,  0.0972576,266.683,  0.0995034,1
0.84, 0xd1f0700,  0.116039,266.55,  0.116296,1
0.84, 0xd1d0620,  0.108825,266.55,  0.116296,1
0.85, 0xd1d6310,  0.119191,266.483,  0.125346,1
0.86, 0xd1d91b0,  0.133862,266.417,  0.134841,1
0.86, 0xd207d10,  0.125526,266.417,  0.134841,1
0.86, 0xd1d3470,  0.131431,266.417,  0.134841,1
0.9, 0xd1e7ae0,  0.177758,266.15,  0.192805,1
0.93, 0xd201fd0,  0.226231,265.95,  0.23224,1
0.94, 0xd1fc180,  0.239253,265.883,  0.24639,1
0.95, 0xd1f35a0,  0.260082,265.817,  0.261047,1
0.96, 0xd20abb0,  0.266992,265.75,  0.276213,1
0.61, 0x48eb9200,  0.00591101,268.083,  0.00665438,1
0.66, 0x48ec0310,  0.0131508,267.75,  0.0138753,1
0.71, 0x48eba620,  0.0290867,267.417,  0.0308921,1
0.71, 0x48ecbda0,  0.0282939,267.417,  0.0308921,1
0.71, 0x48ebd470,  0.0295766,267.417,  0.0308921,1
0.71, 0x48ec6050,  0.0306315,267.417,  0.0308921,1
0.73, 0x48ec31b0,  0.0344977,267.283,  0.0383918,1
0.76, 0x48edd5a0,  0.0480544,267.083,  0.0519413,1
0.79, 0x48ed1ae0,  0.0662616,266.883,  0.0685144,1
0.79, 0x48ee6180,  0.0663411,266.883,  0.0685144,1
0.8, 0x48ec8f00,  0.0772502,266.817,  0.0844033,1
0.8, 0x48ef4bb0,  0.0701849,266.817,  0.0844033,1
0.82, 0x48eda700,  0.0964311,266.683,  0.0995034,1
0.86, 0x48ee32e0,  0.12705,266.417,  0.134841,1
0.88, 0x48eebfd0,  0.153227,266.283,  0.155194,1
0.88, 0x48ee9020,  0.147623,266.283,  0.155194,1
0.88, 0x48ed7860,  0.147256,266.283,  0.155194,1
0.92, 0x48ef1d10,  0.211477,266.017,  0.218594,1
0.92, 0x48ee0440,  0.218383,266.017,  0.218594,1
0.92, 0x48ed4a10,  0.210081,266.017,  0.218594,1
0.92, 0x48ecec40,  0.218212,266.017,  0.218594,1
0.93, 0x48eeee70,  0.225347,265.95,  0.23224,1
